1575453363.094592 1 3 20.3 0 0 0
1575453363.228099 1 3 20.3 0 0 0
1575453363.361193 1 3 20.3 0 0 0
1575453363.494577 1 3 20.3 0 0 0
1575453363.628023 1 3 20.3 0 0 0
1575453363.694645 1 3 20.3 0 0 0
1575453363.827876 1 3 20.3 0 0 0
1575453363.961196 1 3 20.3 0 0 0
1575453364.094623 1 3 20.3 0 0 0
1575453364.227859 1 3 20.3 0 0 0
1575453364.294556 1 3 20.3 0 0 0
1575453364.561214 1 3 20.3 0 0 0
1575453364.694542 1 3 20.3 0 0 0
1575453364.827997 1 3 20.3 0 0 0
1575453365.027956 1 3 20.3 0 0 0
1575453365.161292 1 3 20.3 0 0 0
1575453365.294514 1 3 20.3 0 0 0
1575453365.427862 1 3 20.3 0 0 0
1575453365.494523 1 3 20.3 0 0 0
1575453365.62801 1 3 20.3 0 0 0
1575453365.761233 1 3 20.3 0 0 0
1575453365.894529 1 3 20.3 0 0 0
1575453366.028355 1 3 20.3 0 0 0
1575453366.094526 1 3 20.3 0 0 0
1575453366.227891 1 3 20.3 0 0 0
1575453366.361198 1 3 20.3 0 0 0
1575453366.494528 1 3 21.1 0 0 0.25
1575453366.627888 1 3 19.2 0 1 1
1575453366.694512 1 3 19.9 0 0 0
1575453366.828171 1 3 19.9 0 0 0
1575453366.961254 1 3 19.9 0 0 0
1575453367.094634 1 3 19.9 0 0 0
1575453367.227952 1 3 19.9 0 0 0
1575453367.294623 1 3 19.9 0 0 0
1575453367.427847 1 3 19.9 0 0 0
1575453367.561263 1 3 19.9 0 0 0
1575453367.694581 1 3 19.9 0 0 0
1575453367.827866 1 3 19.9 0 0 0
1575453367.894523 1 3 19.9 0 0 0
1575453368.028204 1 3 19.9 0 0 0
1575453368.161252 1 3 19.9 0 0 0
1575453368.294529 1 3 19.9 0 0 0
1575453368.428212 1 3 19.9 0 0 0
1575453368.494524 1 3 19.9 0 0 0
1575453368.627904 1 3 19.9 0 0 0
1575453368.761251 1 3 19.9 0 0 0
1575453368.894568 1 3 19.9 0 0 0
1575453369.027863 1 3 19.9 0 0 0
1575453369.094548 0 3 19.9 0 0 0
1575453369.227988 0 3 19.9 0 0 0
1575453369.361256 0 3 19.9 0 0 0
1575453369.494538 0 3 19.9 0 0 0
1575453369.628597 0 3 19.9 0 0 0
1575453369.694514 0 3 19.9 0 0 0
1575453369.82792 0 3 19.9 0 0 0
1575453369.961183 0 3 19.8 0 0 0
1575453370.09453 0 3 19.8 0 0 0
1575453370.227964 0 3 19.7 0 0 0
1575453370.294606 0 3 19.6 0 0 0
1575453370.427973 0 3 19.6 0 0 0
1575453370.561192 0 3 19.6 0 0 0
1575453370.694624 0 3 19.3 0 1 0.25
1575453370.827985 0 3 19.3 0 0 0
1575453371.02785 0 3 19.3 0 0 0
1575453371.161298 0 3 19.3 0 0 0
1575453371.294528 0 3 19.3 0 0 0
1575453371.427923 0 3 20.3 0 0 0.25
1575453371.494576 0 3 20.8 0 0 0.25
1575453371.628205 0 3 26.4 0 0 3.5
1575453371.761187 0 3 27.9 0 0 2
1575453371.894579 0 3 29.2 0 0 2
1575453372.02798 0 3 29.3 0 0 1.5
1575453372.09456 0 3 31.2 0 0 3.25
1575453372.227854 0 3 32.1 0 0 3.5
1575453372.361292 0 3 31.2 0 0 3.25
1575453372.494516 0 3 31.3 0 0 4
1575453372.627863 0 3 30.6 0 0 4.75
1575453372.694523 0 3 30 0 0 0
1575453372.828308 0 3 32.6 0 0 0
1575453372.961194 0 3 33.1 0 1 1.5
1575453373.094529 0 3 30.1 0 1 4
1575453373.228067 0 3 25.6 0 1 7.25
1575453373.294533 0 3 20.4 0 1 8.25
1575453373.427856 0 3 23.2 0 0 2.25
1575453373.561184 0 3 27.5 0 0 5
1575453373.694553 0 3 31.4 0 0 8.75
1575453373.827847 0 3 30.8 0 0 0
1575453373.894537 0 3 23.4 0 1 3.25
1575453374.028333 0 3 19.1 0 1 7.25
1575453374.161191 0 3 18 0 1 7.75
1575453374.294515 0 3 21.7 0 0 2
1575453374.427984 0 3 27.8 0 0 5
1575453374.494548 0 3 26.7 0 0 5.75
1575453374.627914 0 3 26 0 0 7
1575453374.761243 0 3 27 0 0 8.5
1575453374.894526 0 3 23.7 0 0 0
1575453375.027912 0 3 16.1 0 1 5.75
1575453375.094524 0 3 17.1 0 1 6.25
1575453375.228075 0 3 18.5 0 1 7
1575453375.361191 0 3 21.7 0 0 0
1575453375.494631 0 3 27.1 0 0 4.75
1575453375.628022 0 3 32.6 0 0 7.75
1575453375.694585 0 3 37.8 0 0 9.5
1575453375.827857 0 3 39.3 0 0 0
1575453375.961272 0 3 37.3 0 1 2.5
1575453376.094528 0 3 38.4 0 1 3.75
1575453376.227914 0 3 38.1 0 1 6.25
1575453376.294522 0 3 33.5 0 1 8.25
1575453376.428003 0 3 35.1 0 0 2
1575453376.561195 0 3 38.6 0 0 4.75
1575453376.694617 0 3 42.7 0 0 7.5
1575453376.828187 0 3 45.2 0 0 8.5
1575453376.894575 0 3 42.1 0 0 0
1575453377.027908 0 3 33.8 0 1 5.75
1575453377.161244 0 3 27.8 0 1 7.75
1575453377.294615 0 3 27.9 0 0 0
1575453377.427858 0 3 34 0 0 2.75
1575453377.494525 0 3 35.8 0 0 4.5
1575453377.628016 0 3 37.7 0 0 6.5
1575453377.761187 0 3 36.3 0 0 8.5
1575453377.894528 0 3 32.5 0 1 1.5
1575453378.02807 0 3 25.5 0 1 5
1575453378.09462 0 3 20.1 0 1 7.5
1575453378.227864 0 3 17.9 0 1 8.25
1575453378.361205 0 3 21.8 0 0 2.25
1575453378.494528 0 3 26.9 0 0 4.5
1575453378.627868 0 3 23.9 0 0 0
1575453378.694597 0 3 27.1 0 1 0.75
1575453378.827975 0 3 27.3 0 0 0.75
1575453378.96119 0 3 28 0 0 0.25
1575453379.094569 0 3 28 0 0 0
1575453379.228078 0 3 28 0 0 0
1575453379.294592 0 3 28 0 0 0
1575453379.427859 0 3 28 0 0 0
1575453379.561331 0 3 28 0 0 0
1575453379.694529 0 3 29.9 0 0 1
1575453379.894574 0 3 29.6 0 0 0
1575453380.028074 0 3 31.1 0 0 0.75
1575453380.161196 0 3 33.8 0 0 1.5
1575453380.294591 0 3 34.3 0 0 0.25
1575453380.427997 0 3 34 0 0 0
1575453380.494578 0 3 34.1 0 0 0
1575453380.627923 0 3 33.3 0 1 0.25
1575453380.761196 0 3 33 0 0 0
1575453381.027856 0 3 33 0 0 0
1575453381.094541 0 3 33 0 0 0
1575453381.227972 0 3 33 0 0 0
1575453381.36124 0 3 33 0 0 0
1575453381.494531 0 3 34.3 0 0 0.75
1575453381.627964 0 3 33.9 0 0 0
1575453381.694618 0 3 34.9 0 0 0.25
1575453381.827863 0 3 34.7 0 0 0
1575453381.961277 0 3 34.7 0 0 0
1575453382.094527 0 3 34.7 0 0 0
1575453382.227899 0 3 34.6 0 0 0
1575453382.294554 0 3 34.1 0 0 0
1575453382.427962 0 3 32.7 0 1 1
1575453382.561224 0 3 32.9 0 0 0
1575453382.694531 0 3 34.3 0 0 0.75
1575453382.828295 0 3 33.9 0 0 0
1575453382.894526 0 3 37.7 0 0 2.25
1575453383.027902 0 3 38.3 0 0 0.75
1575453383.161198 0 3 41.1 0 0 2
1575453383.294618 0 3 41.3 0 0 0
1575453383.427862 0 3 41.9 0 0 0
1575453383.494594 0 3 41.7 0 0 0
1575453383.628228 0 3 38.6 0 1 2
1575453383.761191 0 3 38 0 1 0.25
1575453383.89458 0 3 38.1 0 0 0
1575453384.027992 0 3 40.6 0 0 1.5
1575453384.094594 0 3 41.2 0 0 0.25
1575453384.361225 0 3 40.9 0 0 0
1575453384.494547 0 3 35.6 0 1 3.25
1575453384.627859 0 3 34.4 0 1 1.5
1575453384.694556 0 3 32.7 0 1 1.5
1575453384.827998 0 3 32.7 0 1 0.25
1575453385.228113 0 3 32.8 0 0 0
1575453385.294524 0 3 33.3 0 0 0
1575453385.427856 0 3 33.8 0 0 0
1575453385.561259 0 3 33 0 1 0.25
1575453385.694529 0 3 34.2 0 0 0.25
1575453385.827862 0 3 33.8 0 0 0
1575453385.894524 0 3 33.8 0 0 0
1575453386.028134 0 3 33.8 0 0 0
1575453386.161201 0 3 33.9 0 0 0
1575453386.294534 0 3 33.1 0 1 0.25
1575453386.428017 0 3 33.2 0 0 0
1575453386.494524 0 3 32.3 0 1 0.75
1575453386.627897 0 3 32.4 0 0 0
1575453386.761193 0 3 35.5 0 0 2
1575453386.894544 0 3 36 0 0 0.75
1575453387.027857 0 3 34.3 0 1 1
1575453387.094578 0 3 34.4 0 0 0
1575453387.228299 0 3 33.3 0 1 0.75
1575453387.361253 0 3 33.4 0 0 0
1575453387.494551 0 3 35.2 0 0 1
1575453387.628016 0 3 34.9 0 0 0
1575453387.694534 0 3 33 0 1 1
1575453387.827931 0 3 33.4 0 0 0
1575453387.961194 0 3 31.4 0 1 1.25
1575453388.094635 0 3 31.2 0 0 0
1575453388.227859 0 3 31.6 0 0 0
1575453388.294565 0 3 31.6 0 0 0
1575453388.428108 0 3 31.6 0 0 0
1575453388.56122 0 3 31.6 0 0 0
1575453388.827993 0 3 31.5 0 0 0
1575453388.894673 0 3 33.9 0 0 1.25
1575453389.027856 0 3 36.8 0 0 1.5
1575453389.161288 0 3 37.4 0 0 0.75
1575453389.294529 0 3 33.8 0 1 2
1575453389.427858 0 3 33.2 0 1 0.25
1575453389.494589 0 3 33.2 0 0 0
1575453389.627978 0 3 37.5 0 0 2.5
1575453389.761309 0 3 38.6 0 0 1.25
1575453389.894531 0 3 37.2 0 1 0.75
1575453390.0281 0 3 35.9 0 1 0.75
1575453390.094526 0 3 30.8 0 1 3.25
1575453390.227922 0 3 29.8 0 1 1.25
1575453390.361196 0 3 33.8 0 0 2
1575453390.494524 0 3 35 0 0 1
1575453390.627891 0 3 35.1 0 0 0.25
1575453390.694573 0 3 32.4 0 1 1.5
1575453390.827939 0 3 30.5 0 1 1
1575453390.961195 0 3 29.8 0 1 0.75
1575453391.094527 0 3 29.9 0 0 0
1575453391.228084 0 3 31.9 0 0 1
1575453391.294521 1 3 32.3 0 0 0
1575453391.427865 1 3 28.7 0 1 2.25
1575453391.561198 1 3 27.7 0 1 1.25
1575453391.694527 1 3 23.5 0 1 2.75
1575453391.827855 1 3 22.8 0 0 0
1575453391.894523 1 3 20.4 0 1 2
1575453392.028085 1 3 19.9 0 1 0.75
1575453392.161196 1 3 19.9 0 0 0
1575453392.294534 1 3 15.5 0 1 2.5
1575453392.427968 1 3 14.6 0 0 0
1575453392.49454 1 3 13.2 0 0 0
1575453392.627852 1 3 13 0 0 0
1575453392.761194 0 3 13.5 0 0 0.25
1575453392.894527 0 3 13.6 0 0 0
1575453393.027868 0 3 16 0 0 1.5
1575453393.094588 0 3 16 0 0 0.25
1575453393.228051 0 3 17.1 0 0 0.75
1575453393.361243 0 3 17.1 0 0 0
1575453393.494496 0 3 16.5 0 0 0
1575453393.628245 1 3 16.2 0 1 0.25
1575453393.694525 1 3 16.2 0 0 0
1575453393.827861 1 3 9.3 0 1 4.5
1575453393.961202 1 3 7.7 0 0 0
1575453394.094543 1 3 8.1 0 0 0.75
1575453394.227891 0 3 8.3 0 0 0.75
1575453394.294576 0 3 1.2 0 1 4
1575453394.428009 0 3 3.2 1 1 2.5
1575453394.561293 0 3 8.2 1 1 3.25
1575453394.694585 0 3 9.1 1 0 0
1575453394.82799 0 3 16.5 1 1 4.75
1575453394.894511 0 3 18.9 1 0 0
1575453395.027859 0 3 19.1 1 0 0
1575453395.161267 0 3 25.1 1 1 3.5
1575453395.294527 0 3 26 1 0 0
1575453395.427853 0 3 30 1 1 2.25
1575453395.494609 0 3 30.9 1 1 0.25
1575453395.627969 0 3 34.7 1 1 2.5
1575453395.761196 0 3 35.2 1 1 0.25
1575453395.89455 0 3 35.2 1 0 0
1575453396.027967 0 3 39.4 1 1 2.5
1575453396.094524 0 3 40.1 1 1 0.75
1575453396.227873 0 3 44.7 1 1 2.75
1575453396.361252 0 3 45.2 1 1 0.25
1575453396.494566 0 3 51.8 1 1 4
1575453396.627913 0 3 53.4 1 0 0
1575453396.694522 0 3 60.1 1 1 4.5
1575453396.828173 0 3 62.4 1 1 1.25
1575453396.961181 0 3 63.1 1 1 0.75
1575453397.09453 0 3 71.1 1 1 5
1575453397.228125 0 3 80.6 1 1 5.75
1575453397.294518 0 3 90 1 1 5
1575453397.427865 0 3 92 1 1 1.25
1575453397.56122 0 3 92.3 1 0 0
1575453397.694533 0 3 99.8 1 1 4.75
1575453397.827868 0 3 101 1 1 1
1575453397.894537 0 3 107.9 1 1 4
1575453398.027966 0 3 110.2 1 1 1.5
1575453398.16123 0 3 118.4 1 1 5
1575453398.294514 0 3 121.4 1 1 2
1575453398.427946 0 3 129.5 1 1 5.25
1575453398.494551 0 3 135.3 1 1 2.75
1575453398.761188 0 3 137.3 1 0 0
1575453398.894546 0 3 145.3 1 1 5
1575453399.027855 0 3 154.9 1 1 5.25
1575453399.09448 0 3 165.7 1 1 5.75
1575453399.228133 0 3 176.2 1 1 5.25
1575453399.361194 0 3 185.7 1 1 5.75
1575453399.494604 0 3 193.8 1 1 4.5
1575453399.627983 0 3 203.1 1 1 5.75
1575453399.694577 0 3 213.6 1 1 5.75
1575453399.827888 0 3 225 1 1 6
1575453399.961194 1 3 235.9 1 1 5.75
1575453400.094525 1 3 242.9 1 1 3.25
1575453400.22792 1 3 252.4 1 1 5.25
1575453400.294527 1 3 257.9 1 1 2.75
1575453400.428 1 3 267.3 1 1 5.75
1575453400.56127 1 3 273.4 1 1 3.25
1575453400.694531 1 3 282.9 1 1 5.25
1575453400.82815 0 3 286.6 1 1 2.25
1575453400.894546 0 3 295.2 1 1 5.25
1575453401.027915 0 3 301.1 1 1 3.5
1575453401.161251 0 3 308 1 1 4
1575453401.294526 0 3 309.3 1 1 0.75
1575453401.427857 1 3 317.4 1 1 5
1575453401.49454 1 3 320.5 1 1 2.25
1575453401.627988 1 3 321.2 1 1 0.25
1575453401.761192 1 3 316.2 1 0 2.75
1575453401.89457 1 3 313.8 1 0 1.5
1575453402.028008 0 3 315.9 1 1 1
1575453402.094622 0 3 316.5 1 1 0.75
1575453402.227904 0 3 319.8 1 1 2
1575453402.361251 0 3 320.8 1 0 0
1575453402.494505 0 3 317.1 1 0 2.25
1575453402.627913 0 3 316 1 1 0.75
1575453402.69452 0 3 315.1 1 1 0.25
1575453402.827986 0 3 313.9 1 0 0.75
1575453402.961211 0 3 314 1 0 0
1575453403.228059 0 3 314 1 0 0
1575453403.294515 0 3 309.7 1 0 2.5
1575453403.427909 0 3 309.6 1 1 0.75
1575453403.56124 0 3 308.6 1 1 0.25
1575453403.694528 0 3 308.1 1 0 0
1575453403.827863 0 3 308.1 1 0 0
1575453403.894522 0 3 300.5 1 0 4.75
1575453404.028213 0 3 299.8 1 1 0.75
1575453404.161195 0 3 294.5 1 0 0
1575453404.294531 0 3 292.7 1 1 0.25
1575453404.428084 0 3 291.7 1 0 0.25
1575453404.494521 0 3 283.6 1 0 5
1575453404.627906 0 3 280.6 1 0 0
1575453404.761213 0 3 272.5 1 0 5
1575453404.894535 0 3 266.2 1 0 3.5
1575453405.027861 0 3 264.1 1 0 0
1575453405.09458 0 3 256 1 0 4.75
1575453405.361197 0 3 257.3 1 1 1.5
1575453405.494581 0 3 251.4 1 0 3.25
1575453405.694522 0 3 250 1 0 0
1575453405.827897 0 3 242 1 0 5
1575453405.961194 0 3 234.1 1 0 5
1575453406.094587 0 3 224.9 1 0 5.25
1575453406.227861 0 3 215.3 1 0 6
1575453406.294511 0 3 206 1 0 5
1575453406.428028 0 3 203.1 1 0 1.5
1575453406.561252 0 3 194.5 1 0 5.25
1575453406.694543 0 3 187.6 1 0 3.75
1575453406.82809 0 3 178.6 1 0 5.75
1575453406.894559 0 3 169.2 1 0 5.25
1575453407.027855 0 3 166.2 1 0 1.5
1575453407.161192 0 3 157.5 1 0 5.25
1575453407.294515 0 3 148.3 1 0 5.25
1575453407.427846 0 3 138.4 1 0 5.75
1575453407.627943 0 3 126.7 1 0 1.5
1575453407.761191 0 3 118.5 1 0 5
1575453408.027934 0 3 110.8 1 0 1
1575453408.094523 0 3 102.5 1 0 5
1575453408.227893 0 3 93.4 1 0 5.25
1575453408.361195 0 3 82.7 1 0 5.75
1575453408.494518 0 3 71.5 1 0 5.75
1575453408.627907 0 3 60.3 1 0 6
1575453408.694528 0 3 49.2 1 0 6
1575453408.827988 0 3 39.8 1 0 4.75
1575453408.961201 0 3 30.6 1 0 5.75
1575453409.094525 0 3 27.7 1 0 1.5
1575453409.227988 0 3 27.3 1 0 0
1575453409.294529 0 3 24.1 1 0 2
1575453409.427912 0 3 24.3 1 0 0
1575453409.561195 0 3 19.8 1 0 2.75
1575453409.694549 0 3 19.6 1 0 0.75
1575453409.827863 0 3 19.7 1 0 0
1575453409.894529 0 3 20 1 0 0
1575453410.02801 0 3 20.7 1 1 0.25
1575453410.161213 0 3 20.7 1 0 0
1575453410.294524 0 3 20.7 1 0 0
1575453410.42797 0 3 20.7 1 0 0
1575453410.494561 0 3 15.7 1 0 2.75
1575453410.628007 0 3 14.6 1 0 1.25
1575453410.761194 0 3 15.1 1 0 0
1575453410.894545 0 3 10.9 1 0 2.5
1575453411.027906 0 3 10.5 1 0 0.75
1575453411.094517 0 3 11 1 0 0
1575453411.228005 0 3 11 1 0 0
1575453411.361205 0 3 11 1 0 0
1575453411.494539 0 3 7.4 1 0 2.25
1575453411.628119 0 3 6.8 1 0 0.75
1575453411.694524 0 3 4.2 1 0 1.5
1575453411.827888 0 3 3.9 1 0 0.25
1575453412.094522 0 3 3.9 1 0 0
1575453412.227859 0 3 1.8 1 0 1.25
1575453412.294518 0 3 2.3 1 0 0
1575453412.42797 0 3 2.8 0 0 3.25
1575453412.561194 0 3 3.9 0 0 1.25
1575453412.694586 0 3 11.5 0 0 5.25
1575453412.894524 0 3 18.7 0 0 1
1575453413.027858 0 3 18.1 0 0 0
1575453413.161214 0 3 18.4 0 0 0
1575453413.294526 0 3 26 0 0 5
1575453413.427856 0 3 27.8 0 0 0
1575453413.494569 0 3 34.3 0 0 0
1575453413.627969 0 3 36.9 0 0 0
1575453413.76119 0 3 42.2 0 0 0
1575453413.894759 0 3 42.7 0 1 1.5
1575453414.027997 0 3 40.5 0 1 3.25
1575453414.094573 0 3 38.5 0 1 5
1575453414.22788 0 3 37.2 0 1 6
1575453414.361197 0 3 35.4 0 1 7.75
1575453414.494532 0 3 36.7 0 0 0
1575453414.627862 0 3 41.9 0 0 4.75
1575453414.694523 0 3 46.9 0 0 7.5
1575453414.827947 0 3 43 0 0 7
1575453414.96125 0 3 40.2 0 0 0
1575453415.094566 0 3 34.4 0 1 2.75
1575453415.228005 0 3 27.5 0 1 5.75
1575453415.294521 0 3 23 0 1 9
1575453415.427911 0 3 26.1 0 0 0
1575453415.561225 0 3 31.4 0 0 4.75
1575453415.694535 0 3 36.3 0 0 7.5
1575453415.827845 0 3 36.6 0 0 0
1575453415.894555 0 3 34.2 0 1 2.25
1575453416.028057 0 3 32.5 0 1 4.75
1575453416.161205 0 3 34.1 0 1 6
1575453416.294647 0 3 33.5 0 1 7.75
1575453416.427966 0 3 36 0 0 0
1575453416.494611 0 3 42.3 0 0 5.25
1575453416.627867 0 3 46.2 0 0 7.25
1575453416.761243 0 3 47.1 0 0 9.75
1575453416.894529 0 3 45.1 0 1 2
1575453417.027854 0 3 43.4 0 1 4.75
1575453417.094576 0 3 39.4 0 1 7.75
1575453417.228057 0 3 37.5 0 1 8.25
1575453417.36119 0 3 42.8 0 0 2.5
1575453417.494549 0 3 51.8 0 0 8.25
1575453417.627984 0 3 56 0 0 9.5
1575453417.694524 0 3 53 0 0 0
1575453417.827856 0 3 47 0 1 2.5
1575453417.961226 0 3 41 0 1 7.5
1575453418.094529 0 3 36.2 0 1 8.5
1575453418.227859 0 3 38.2 0 0 0
1575453418.29462 0 3 37.8 0 0 1.5
1575453418.428008 0 3 36.2 0 0 3.5
1575453418.561192 0 3 37 0 0 6
1575453418.694538 0 3 41.8 0 0 8.5
1575453418.828091 0 3 43.2 0 0 0
1575453418.894524 0 3 37.1 0 1 2.25
1575453419.027854 0 3 31.3 0 1 5.25
1575453419.161241 0 3 26.5 0 1 7.5
1575453419.294526 0 3 29.5 0 1 7
1575453419.427859 0 3 31.1 0 1 7.75
1575453419.494529 0 3 34.6 0 0 0
1575453419.628054 0 3 40.6 0 0 5.25
1575453419.761198 1 3 49.6 0 0 7.5
1575453419.894595 1 3 52.2 0 0 9.75
1575453420.027968 1 3 47.5 0 0 0
1575453420.094581 1 3 41.7 0 1 2.75
1575453420.22785 1 3 35.6 0 1 7.5
1575453420.361418 1 3 31.9 0 1 9.75
1575453420.494545 0 3 32 0 0 0
1575453420.627859 0 3 35.7 0 0 2.5
1575453420.694632 0 3 40.7 0 0 7.5
1575453420.828273 0 3 46 0 0 8.75
1575453420.961209 0 3 45.7 0 0 0
1575453421.094549 0 3 40.5 0 1 2.75
1575453421.228008 0 3 31.7 0 1 8.25
1575453421.294529 0 3 29 0 1 8.5
1575453421.427863 0 3 33 0 0 2.25
1575453421.561213 0 3 34.6 0 0 4
1575453421.694515 0 3 36.3 0 0 6.25
1575453421.827858 0 3 41.1 0 0 9
1575453421.894572 0 3 42.5 0 0 9.5
1575453422.028045 0 3 36.8 0 0 0
1575453422.161234 0 3 31.3 0 1 2.75
1575453422.29452 0 3 21.5 0 1 7.25
1575453422.428248 0 3 18.2 0 1 8.25
1575453422.494524 0 3 18.9 0 0 0
1575453422.627863 0 3 26.7 0 0 2.25
1575453422.761237 0 3 31.5 0 0 4.5
1575453422.894524 0 3 32.6 0 0 4.75
1575453423.027862 0 3 35.2 0 0 7
1575453423.094524 0 3 38.5 0 0 10
1575453423.228037 0 3 37.3 0 0 0
1575453423.361194 0 3 35.1 0 1 2.25
1575453423.494526 0 3 32.4 0 1 5.25
1575453423.628282 0 3 29.2 0 1 7.5
1575453423.694544 0 3 34.2 0 1 6.25
1575453423.961223 0 3 40.2 0 0 2.25
1575453424.094526 0 3 44.5 0 0 5
1575453424.227859 0 3 49.7 0 0 7.75
1575453424.294523 0 3 50.7 0 0 8.25
1575453424.428114 0 3 46.9 0 0 0
1575453424.561196 0 3 37.8 0 1 5.75
1575453424.694522 0 3 31.7 0 1 7.75
1575453424.828117 0 3 31.6 0 0 0
1575453424.894514 0 3 37.4 0 0 5
1575453425.161209 0 3 38.9 0 0 8.5
1575453425.294542 0 3 35.6 0 1 2.25
1575453425.427881 0 3 30.6 0 1 5.25
1575453425.49454 0 3 26.2 0 1 7.25
1575453425.628139 0 3 27.4 0 0 0
1575453425.894588 0 3 39.1 0 0 7.75
1575453426.227865 0 3 28.3 0 1 6
1575453426.361196 0 3 24.7 0 1 9
1575453426.494521 0 3 27.6 0 0 0
1575453426.627841 0 3 31.7 0 0 4.5
1575453426.694525 0 3 35.9 0 0 7
1575453426.827998 0 3 37.9 0 0 7.75
1575453426.961214 0 3 36.6 0 0 0
1575453427.094528 0 3 32.4 0 1 5
1575453427.227991 0 3 33.9 0 1 3.75
1575453427.294734 0 3 33.9 0 1 6.25
1575453427.427858 0 3 39.8 0 1 5.25
1575453427.561193 0 3 41.1 0 1 7
1575453427.694595 0 3 43.1 0 0 0
1575453427.827868 0 3 53.7 0 0 3.5
1575453427.894574 0 3 57.8 0 0 3.25
1575453428.027948 0 3 61.9 0 0 5.25
1575453428.161233 0 3 64.5 0 0 6
1575453428.294529 0 3 66.1 0 0 7.75
1575453428.427989 0 3 58.8 0 0 4
1575453428.494582 0 3 56.3 0 0 5.75
1575453428.627911 0 3 45.8 0 0 0
1575453428.894526 0 3 41.3 0 0 0
1575453429.027911 0 3 36.9 0 1 1.25
1575453429.094528 0 3 35.5 0 1 0.25
1575453429.227988 0 3 36.2 0 0 0.25
1575453429.361255 0 3 37.2 0 0 0.75
1575453429.494535 0 3 42.3 0 0 3.25
1575453429.627987 0 3 43.1 0 0 1.5
1575453429.694587 0 3 43.1 0 0 1
1575453429.827888 0 3 43 0 0 1.25
1575453429.961196 0 3 43.1 0 0 1
1575453430.094542 0 3 42.9 0 0 1
1575453430.22795 0 3 44.4 0 0 1
1575453430.294569 0 3 45.3 0 0 1
1575453430.427971 0 3 44.9 0 0 0
1575453430.56123 0 3 45 0 0 0
