1575453437.915965 2 956.16 2
1575453438.182613 2 956.08 2
1575453438.382804 2 957.61 2
1575453438.716023 2 956.91 2
1575453438.98265 2 956.02 2
1575453439.249355 2 959.30 2
1575453439.449337 2 960.32 2
1575453439.782718 2 962.97 2
1575453440.049315 2 964.84 2
1575453440.315995 2 958.96 2
1575453440.649308 2 954.33 2
1575453440.849328 2 952.49 2
1575453441.182826 2 954.64 2
1575453441.449293 2 956.59 2
1575453441.782702 2 956.27 2
1575453442.0493 2 955.55 2
1575453442.315958 2 951.35 2
1575453442.582761 2 955.47 2
1575453442.849292 2 957.93 2
1575453443.115982 2 965.78 2
1575453443.44938 2 980.29 2
1575453443.782724 2 992.57 2
1575453444.115994 2 1002.65 2
1575453444.382939 2 1015.74 2
1575453444.582851 2 1023.23 2
1575453444.849471 2 1030.20 2
1575453445.116094 2 1038.56 2
1575453445.382658 2 1048.22 2
1575453445.716043 2 1064.00 2
1575453445.916141 2 1074.61 2
1575453446.182674 2 1087.10 2
1575453446.449392 2 1103.33 2
1575453446.715963 2 1117.70 2
1575453446.98268 2 1129.06 2
1575453447.249497 2 1132.21 2
1575453447.516042 2 1136.56 2
1575453447.716012 2 1144.90 2
1575453447.916007 2 1154.59 2
1575453448.116127 2 1159.00 2
1575453448.316096 2 1163.50 2
1575453448.582625 2 1168.34 2
1575453448.716015 2 1174.65 2
1575453448.915977 2 1188.73 2
1575453449.183094 2 1204.49 2
1575453449.382617 2 1223.90 2
1575453449.582783 2 1234.27 2
1575453449.715955 2 1241.33 2
1575453449.916008 2 1247.60 2
1575453450.115993 2 1252.78 2
1575453450.316054 2 1254.47 2
1575453450.516164 2 1251.18 2
1575453450.71596 2 1238.57 2
1575453450.915964 2 1226.57 2
1575453451.116086 2 1213.94 2
1575453451.316045 2 1203.37 2
1575453451.515996 2 1204.71 2
1575453451.716054 2 1224.86 2
1575453451.916034 2 1256.76 2
1575453452.24929 2 1315.72 2
1575453452.516038 2 1111.52 2
1575453452.782924 2 1032.75 2
1575453452.982746 2 992.87 2
1575453453.2495 2 969.05 2
1575453453.515995 2 957.37 2
1575453453.849369 2 948.30 2
1575453454.182732 2 938.73 2
1575453454.449293 2 856.22 2
1575453454.782736 2 827.84 2
1575453455.049289 2 816.84 2
1575453455.316156 2 812.35 2
1575453455.649405 2 812.57 2
1575453455.849333 2 814.55 2
1575453456.116081 2 821.79 2
1575453456.383107 2 830.87 2
1575453456.649372 2 838.45 2
1575453456.916055 2 848.75 2
1575453457.182731 2 862.83 2
1575453457.449312 2 882.18 2
1575453457.715997 2 903.38 2
1575453457.983095 2 932.64 2
1575453458.249291 2 952.74 2
1575453458.516037 2 963.22 2
1575453458.782981 2 971.98 2
1575453458.982747 2 978.57 2
1575453459.182734 2 979.24 2
1575453459.449362 2 977.57 2
1575453459.716033 2 979.56 2
1575453459.983379 2 984.37 2
1575453460.24929 2 993.51 2
1575453460.582812 2 997.85 2
1575453460.915995 2 995.37 2
1575453461.18284 2 990.99 2
1575453461.449292 2 985.60 2
1575453461.716045 2 983.76 2
1575453461.982743 2 981.34 2
1575453462.316031 2 980.12 2
1575453462.582692 2 980.67 2
1575453462.915983 2 980.86 2
1575453463.182895 2 980.14 2
1575453463.449395 2 979.99 2
1575453463.782624 2 977.34 2
1575453463.982759 2 974.05 2
1575453464.24935 2 982.00 2
1575453464.449353 2 984.56 2
1575453464.649373 2 981.22 2
1575453464.916102 2 974.72 2
1575453465.182726 2 971.54 2
1575453465.449313 2 970.16 2
1575453465.782618 2 963.10 2
1575453466.049397 2 956.56 2
1575453466.315987 2 951.33 2
1575453466.582767 2 943.26 2
1575453466.916218 2 955.40 2
1575453467.182873 2 966.29 2
1575453467.449338 2 982.07 2
1575453467.715949 2 996.42 2
1575453467.983038 2 1001.41 2
1575453468.249292 2 999.83 2
1575453468.516154 2 992.70 2
1575453468.782771 2 980.27 2
1575453469.116008 2 970.86 2
1575453469.382639 2 960.54 2
1575453469.649354 2 958.03 2
1575453469.982898 2 956.04 2
1575453470.182792 2 957.13 2
1575453470.516124 2 957.34 2
1575453470.782809 2 958.18 2
1575453471.049372 2 965.17 2
1575453471.316015 2 970.03 2
1575453471.649401 2 971.91 2
1575453471.915958 2 972.73 2
1575453472.182755 2 976.35 2
1575453472.449278 2 974.30 2
1575453472.716133 2 967.27 2
1575453472.982622 2 963.35 2
1575453473.249339 2 962.96 2
1575453473.582734 2 965.48 2
1575453473.782779 2 967.27 2
1575453474.049308 2 971.49 2
1575453474.249358 2 975.24 2
1575453474.516121 2 974.81 2
1575453474.849337 2 972.53 2
1575453475.116117 2 969.12 2
1575453475.31621 2 967.78 2
1575453475.582932 2 968.12 2
1575453475.7828 2 966.60 2
1575453476.049345 2 969.84 2
1575453476.316045 2 970.64 2
1575453476.582618 2 968.64 2
1575453476.849287 2 968.07 2
1575453477.249361 2 967.54 2
1575453477.516012 2 969.55 2
1575453477.782642 2 969.99 2
1575453478.049313 2 970.50 2
1575453478.315987 2 968.85 2
1575453478.582755 2 967.30 2
1575453478.849319 2 965.07 2
1575453479.115991 2 962.90 2
1575453479.382608 2 965.66 2
1575453479.582761 2 972.84 2
1575453479.916007 2 978.14 2
1575453480.182686 2 977.01 2
1575453480.382921 2 973.83 2
1575453480.649364 2 967.94 2
1575453480.9828 2 963.73 2
1575453481.249315 2 961.19 2
1575453481.582776 2 966.62 2
1575453481.782766 2 969.29 2
1575453482.115943 2 972.66 2
1575453482.383018 2 966.79 2
1575453482.715985 2 962.74 2
1575453482.982625 2 963.84 2
1575453483.249431 2 965.00 2
1575453483.516007 2 966.65 2
1575453483.782716 2 965.50 2
1575453484.049417 2 966.64 2
1575453484.315958 2 964.82 2
1575453484.649285 2 964.08 2
1575453484.916111 2 963.72 2
1575453485.182783 2 969.19 2
1575453485.449305 2 979.44 2
1575453485.715952 2 991.78 2
1575453485.98387 2 991.18 2
1575453486.249385 2 987.15 2
1575453486.516044 2 983.04 2
1575453486.782916 2 978.00 2
1575453487.04928 2 972.74 2
1575453487.382623 2 972.37 2
1575453487.649298 2 970.45 2
1575453487.982772 2 969.30 2
1575453488.316008 2 966.40 2
1575453488.516024 2 967.57 2
1575453488.849285 2 972.57 2
1575453489.116025 2 978.11 2
1575453489.382607 2 979.52 2
1575453489.583103 2 980.35 2
1575453489.849366 2 970.31 2
1575453490.116091 2 962.29 2
1575453490.449323 2 961.34 2
1575453490.649338 2 965.81 2
1575453490.982736 2 968.77 2
1575453491.249281 2 970.48 2
1575453491.516026 2 965.76 2
1575453491.782841 2 965.55 2
1575453492.049289 2 964.38 2
1575453492.382753 2 962.91 2
1575453492.649348 2 963.70 2
1575453492.982738 2 969.04 2
1575453493.249323 2 972.41 2
1575453493.515955 2 971.29 2
1575453493.782859 2 965.05 2
1575453494.115991 2 971.69 2
1575453494.382784 2 977.84 2
1575453494.64943 2 978.08 2
1575453494.915949 2 972.19 2
1575453495.249326 2 970.70 2
1575453495.51596 2 965.37 2
1575453495.782684 2 957.94 2
1575453496.049283 2 958.50 2
1575453496.315999 2 962.18 2
1575453496.582821 2 961.47 2
1575453496.849286 2 959.30 2
1575453497.183206 2 969.59 2
1575453497.44931 2 978.52 2
1575453497.782691 2 984.58 2
1575453498.04935 2 980.57 2
1575453498.315954 2 975.77 2
1575453498.516006 2 968.06 2
1575453498.782726 2 959.27 2
1575453499.049348 2 958.45 2
1575453499.382744 2 956.60 2
1575453499.649301 2 959.93 2
1575453499.849379 2 968.77 2
1575453500.182671 2 975.95 2
1575453500.449323 2 781.88 2
1575453500.716034 2 915.67 2
1575453500.982622 2 956.86 2
1575453501.249405 2 986.19 2
1575453501.516007 2 1005.57 2
1575453501.71602 2 1015.64 2
1575453502.115978 2 1000.95 2
1575453502.316024 2 973.08 2
1575453502.582771 2 948.97 2
1575453502.915989 2 952.60 2
1575453503.183203 2 941.37 2
1575453503.516041 2 937.43 2
1575453503.849299 2 950.67 2
1575453504.115973 2 958.43 2
1575453504.382758 2 968.45 2
1575453504.649321 2 971.37 2
1575453504.915949 2 972.40 2
1575453505.249283 2 965.89 2
1575453505.515986 2 965.74 2
1575453505.849287 2 970.53 2
1575453506.115993 2 974.69 2
1575453506.449292 2 976.07 2
1575453506.716012 2 974.22 2
1575453506.982621 2 973.55 2
1575453507.249478 2 972.25 2
1575453507.515912 2 972.37 2
1575453507.849522 2 975.06 2
1575453508.115958 2 976.98 2
1575453508.382823 2 977.99 2
1575453508.64942 2 978.32 2
1575453508.916048 2 970.62 2
1575453509.182989 2 968.39 2
1575453509.449294 2 965.20 2
1575453509.716025 2 966.20 2
1575453510.049299 2 968.92 2
1575453510.316038 2 975.44 2
1575453510.716017 2 980.90 2
1575453510.982676 2 986.32 2
1575453511.316142 2 986.92 2
1575453511.582748 2 982.72 2
1575453511.849338 2 984.89 2
1575453512.115998 2 994.40 2
1575453512.382793 2 1005.16 2
1575453512.649485 2 1013.78 2
1575453512.982737 2 1026.09 2
1575453513.249331 2 1045.22 2
1575453513.583155 2 1064.15 2
1575453513.849344 2 1077.68 2
1575453514.182713 2 1084.72 2
1575453514.515983 2 1097.80 2
1575453514.84929 2 1117.95 2
1575453515.115995 2 1134.00 2
1575453515.382703 2 1138.47 2
1575453515.715984 2 1155.67 2
1575453516.049354 2 1168.69 2
1575453516.315984 2 1175.14 2
1575453516.649287 2 1194.84 2
1575453516.915996 2 1212.27 2
1575453517.249288 2 1218.85 2
1575453517.649298 2 1229.86 2
1575453517.915993 2 1246.76 2
1575453518.115988 2 1259.28 2
1575453518.382775 2 1273.58 2
1575453518.716026 2 1289.17 2
1575453518.982721 2 1301.50 2
1575453519.249504 2 1302.89 2
1575453519.58293 2 1306.33 2
1575453519.849464 2 1298.42 2
1575453520.182679 2 1307.10 2
1575453520.449335 2 1313.81 2
1575453520.716006 2 1314.41 2
1575453521.116007 2 1320.73 2
1575453521.382671 2 1322.73 2
1575453521.715957 2 1322.88 2
1575453521.98304 2 1322.87 2
1575453522.249376 2 1315.71 2
1575453522.582656 2 1303.10 2
1575453522.915961 2 1282.86 2
1575453523.115959 2 1271.28 2
1575453523.449337 2 1255.85 2
1575453523.715996 2 1242.30 2
1575453523.916009 2 1219.85 2
1575453524.182825 2 1192.75 2
1575453524.516047 2 1152.99 2
1575453524.849288 2 1103.07 2
1575453525.116143 2 1062.99 2
1575453525.449275 2 1031.51 2
1575453525.715987 2 1006.27 2
1575453525.982794 2 986.33 2
1575453526.249356 2 973.74 2
1575453526.515957 2 955.68 2
1575453526.849365 2 943.99 2
1575453527.115982 2 944.80 2
1575453527.315955 2 941.76 2
1575453527.64955 2 940.07 2
1575453527.983171 2 942.48 2
1575453528.249339 2 937.82 2
1575453528.582621 2 941.30 2
1575453528.78273 2 949.50 2
1575453529.049435 2 959.56 2
1575453529.382691 2 964.36 2
1575453529.64932 2 966.24 2
1575453529.98287 2 967.27 2
1575453530.315961 2 965.35 2
1575453530.582668 2 958.51 2
1575453530.849373 2 946.57 2
1575453531.183006 2 947.20 2
1575453531.515998 2 952.09 2
1575453531.782613 2 959.29 2
1575453532.115978 2 967.54 2
1575453532.382756 2 966.43 2
1575453532.649354 2 965.45 2
1575453532.916033 2 966.37 2
1575453533.249352 2 968.34 2
1575453533.582825 2 968.18 2
1575453533.849363 2 961.16 2
1575453534.182654 2 960.60 2
1575453534.449304 2 961.57 2
1575453534.783004 2 963.53 2
1575453535.049311 2 965.88 2
1575453535.315977 2 967.28 2
1575453535.582789 2 965.75 2
1575453535.849358 2 967.08 2
1575453536.182684 2 953.12 2
1575453536.449333 2 955.03 2
1575453536.782819 2 963.73 2
1575453537.116032 2 972.33 2
1575453537.382685 2 978.29 2
1575453537.649327 2 978.39 2
1575453537.91597 2 966.51 2
1575453538.182882 2 962.29 2
1575453538.515998 2 961.87 2
1575453538.71595 2 973.68 2
1575453539.049293 2 977.39 2
1575453539.38264 2 978.08 2
1575453539.58274 2 977.75 2
1575453539.91601 2 985.40 2
1575453540.249485 2 996.74 2
1575453540.515966 2 998.85 2
1575453540.849317 2 991.59 2
1575453541.115969 2 983.33 2
1575453541.382642 2 975.78 2
1575453541.715963 2 968.92 2
1575453542.049377 2 972.13 2
1575453542.315958 2 974.76 2
1575453542.649367 2 974.88 2
1575453542.915954 2 974.69 2
1575453543.182999 2 978.13 2
1575453543.51595 2 991.25 2
1575453543.782668 2 1002.17 2
1575453544.049417 2 1020.96 2
1575453544.38288 2 1046.72 2
1575453544.649312 2 1072.78 2
1575453544.916095 2 1105.76 2
1575453545.182892 2 1134.66 2
1575453545.582902 2 1167.00 2
1575453545.849283 2 1197.23 2
1575453546.182746 2 1221.02 2
1575453546.449286 2 1238.55 2
1575453546.715972 2 1252.83 2
1575453546.915983 2 1263.40 2
1575453547.249294 2 1275.01 2
1575453547.516012 2 1276.62 2
1575453547.849358 2 1271.15 2
1575453548.116009 2 1265.09 2
1575453548.449289 2 1261.79 2
1575453548.849335 2 1262.48 2
1575453549.115954 2 1248.30 2
1575453549.449357 2 1224.12 2
1575453549.716021 2 1216.48 2
1575453549.983121 2 1207.50 2
1575453550.249288 2 1191.17 2
1575453550.516001 2 1177.33 2
1575453550.849353 2 1159.78 2
1575453551.115978 2 1141.45 2
1575453551.382678 2 1123.73 2
1575453551.715982 2 1103.51 2
1575453551.982844 2 1079.02 2
1575453552.249342 2 1051.31 2
1575453552.515953 2 1035.85 2
1575453552.783256 2 1026.34 2
1575453553.116035 2 1011.30 2
1575453553.382623 2 1000.79 2
1575453553.715951 2 1000.38 2
1575453553.982818 2 988.04 2
1575453554.315952 2 983.95 2
1575453554.715962 2 981.79 2
1575453555.049297 2 974.37 2
1575453555.249327 2 963.14 2
1575453555.582741 2 948.70 2
1575453555.915991 2 940.59 2
1575453556.182708 2 943.24 2
1575453556.515965 2 947.90 2
1575453556.849292 2 944.07 2
1575453557.116001 2 944.84 2
1575453557.38267 2 946.53 2
1575453557.715974 2 940.47 2
1575453558.049295 2 939.70 2
1575453558.315987 2 935.85 2
1575453558.582647 2 931.99 2
1575453558.849318 2 941.91 2
1575453559.049311 2 941.61 2
1575453559.38265 2 929.15 2
1575453559.716005 2 930.59 2
1575453559.982738 2 928.85 2
1575453560.24929 2 925.01 2
1575453560.582748 2 935.60 2
1575453560.849331 2 936.34 2
1575453561.182734 2 925.54 2
1575453561.516016 2 920.70 2
1575453561.849393 2 921.60 2
1575453562.182629 2 924.03 2
1575453562.449287 2 927.06 2
1575453562.715961 2 928.68 2
1575453562.982656 2 928.99 2
1575453563.249338 2 924.70 2
1575453563.582924 2 915.34 2
1575453563.849363 2 911.49 2
1575453564.115956 2 911.34 2
1575453564.449379 2 910.31 2
1575453564.716069 2 910.17 2
1575453564.982803 2 914.06 2
1575453565.2493 2 920.10 2
1575453565.583146 2 927.23 2
1575453565.849289 2 926.92 2
1575453566.182668 2 923.71 2
1575453566.449358 2 924.19 2
1575453566.715982 2 929.76 2
1575453567.049289 2 932.81 2
1575453567.249344 2 932.21 2
1575453567.515989 2 932.35 2
1575453567.782678 2 935.48 2
1575453568.182695 2 937.48 2
1575453568.449324 2 937.34 2
1575453568.716025 2 934.72 2
1575453569.116051 2 934.29 2
1575453569.449307 2 937.48 2
1575453569.716035 2 940.19 2
1575453569.982714 2 942.65 2
1575453570.316023 2 943.47 2
1575453570.516038 2 943.11 2
1575453570.782723 2 939.08 2
1575453571.04933 2 932.87 2
1575453571.316002 2 928.56 2
1575453571.649346 2 926.76 2
1575453571.982784 2 925.47 2
1575453572.382919 2 925.11 2
1575453572.649293 2 925.96 2
1575453572.849287 2 926.97 2
