1575453073.358062 2 980.25 2
1575453073.624714 2 980.25 2
1575453073.824687 2 980.25 2
1575453074.024666 2 980.25 2
1575453074.224779 2 980.25 2
1575453074.491381 2 980.41 2
1575453074.75815 2 980.46 2
1575453074.958138 2 980.48 2
1575453075.224769 2 980.48 2
1575453075.49134 2 980.48 2
1575453075.758099 2 980.48 2
1575453076.024734 2 980.48 2
1575453076.291394 2 980.48 2
1575453076.558002 2 980.48 2
1575453076.824807 2 980.65 2
1575453077.091331 2 980.70 2
1575453077.291335 2 980.71 2
1575453077.491361 2 980.72 2
1575453077.758085 2 980.72 2
1575453078.091385 2 980.72 2
1575453078.358126 2 980.72 2
1575453078.558038 2 980.72 2
1575453078.824737 2 980.72 2
1575453079.091321 2 980.88 2
1575453079.291342 2 980.93 2
1575453079.558371 2 980.95 2
1575453079.758224 2 980.95 2
1575453080.024673 2 980.80 2
1575453080.291376 2 980.73 2
1575453080.624756 2 981.37 2
1575453080.891326 2 981.95 2
1575453081.091333 2 981.41 2
1575453081.358102 2 979.08 2
1575453081.624653 2 973.86 2
1575453081.82467 2 972.89 2
1575453082.091424 2 971.40 2
1575453082.291372 2 973.80 2
1575453082.491463 2 974.63 2
1575453082.758117 2 969.58 2
1575453083.024729 2 970.88 2
1575453083.224881 2 974.95 2
1575453083.491354 2 976.64 2
1575453083.758129 2 976.53 2
1575453083.958445 2 974.53 2
1575453084.224729 2 974.93 2
1575453084.424791 2 981.67 2
1575453084.758147 2 980.05 2
1575453085.091322 2 973.05 2
1575453085.358086 2 964.93 2
1575453085.69132 2 963.45 2
1575453086.024666 2 956.19 2
1575453086.291382 2 961.36 2
1575453086.558004 2 963.38 2
1575453086.758097 2 963.51 2
1575453087.024729 2 965.23 2
1575453087.291359 2 964.45 2
1575453087.491304 2 970.78 2
1575453087.758025 2 972.65 2
1575453087.958366 2 974.87 2
1575453088.291395 2 976.00 2
1575453088.557986 2 973.05 2
1575453088.824726 2 972.63 2
1575453089.158307 2 972.23 2
1575453089.358132 2 970.99 2
1575453089.691336 2 970.20 2
1575453089.958454 2 969.27 2
1575453090.157999 2 966.80 2
1575453090.358141 2 966.48 2
1575453090.624733 2 967.23 2
1575453090.82479 2 967.42 2
1575453091.091337 2 967.98 2
1575453091.424667 2 966.29 2
1575453091.691366 2 965.90 2
1575453091.891385 2 965.71 2
1575453092.158025 2 966.82 2
1575453092.35819 2 967.81 2
1575453092.558101 2 966.14 2
1575453092.824871 2 962.63 2
1575453093.091334 2 959.85 2
1575453093.358072 2 958.69 2
1575453093.62467 2 962.90 2
1575453093.891467 2 959.57 2
1575453094.158048 2 964.20 2
1575453094.42476 2 965.91 2
1575453094.624867 2 967.02 2
1575453094.891335 2 967.61 2
1575453095.158375 2 966.60 2
1575453095.491377 2 967.61 2
1575453095.691411 2 966.16 2
1575453095.95815 2 966.63 2
1575453096.224783 2 967.23 2
1575453096.491356 2 968.44 2
1575453096.691379 2 964.00 2
1575453096.958073 2 966.22 2
1575453097.224672 2 967.67 2
1575453097.491357 2 965.99 2
1575453097.691353 2 967.31 2
1575453097.891329 2 969.50 2
1575453098.15805 2 968.02 2
1575453098.491341 2 968.04 2
1575453098.758384 2 966.37 2
1575453098.958228 2 963.84 2
1575453099.291383 2 967.76 2
1575453099.55819 2 962.02 2
1575453099.758054 2 964.85 2
1575453100.09132 2 970.05 2
1575453100.358292 2 965.82 2
1575453100.624717 2 968.59 2
1575453100.824664 2 970.67 2
1575453101.091466 2 967.26 2
1575453101.358106 2 972.26 2
1575453101.624717 2 977.52 2
1575453101.891317 2 980.54 2
1575453102.158131 2 985.11 2
1575453102.424788 2 987.78 2
1575453102.691329 2 986.64 2
1575453102.958128 2 984.17 2
1575453103.224675 2 983.79 2
1575453103.491353 2 984.80 2
1575453103.75808 2 992.19 2
1575453104.024724 2 992.90 2
1575453104.291326 2 1004.45 2
1575453104.55807 2 1009.54 2
1575453104.824709 2 1019.91 2
1575453105.024707 2 1026.60 2
1575453105.291439 2 1031.68 2
1575453105.558544 2 1035.55 2
1575453105.891507 2 1040.03 2
1575453106.158091 2 1045.15 2
1575453106.424736 2 1053.18 2
1575453106.758407 2 1063.55 2
1575453107.024678 2 1086.83 2
1575453107.291327 2 1092.53 2
1575453107.558568 2 1101.03 2
1575453107.82472 2 1111.63 2
1575453108.091393 2 1122.13 2
1575453108.358156 2 1137.38 2
1575453108.624866 2 1161.57 2
1575453108.958057 2 1179.12 2
1575453109.224801 2 1196.88 2
1575453109.491364 2 1233.68 2
1575453109.824663 2 1244.81 2
1575453110.091487 2 1259.13 2
1575453110.35816 2 1275.79 2
1575453110.624677 2 1287.89 2
1575453110.89135 2 1303.18 2
1575453111.091349 2 1309.71 2
1575453111.358083 2 1321.50 2
1575453111.624754 2 1313.83 2
1575453111.958493 2 1317.34 2
1575453112.224666 2 1321.31 2
1575453112.491371 2 1315.27 2
1575453112.758198 2 1314.90 2
1575453113.024775 2 1313.68 2
1575453113.291331 2 1309.57 2
1575453113.558341 2 1308.08 2
1575453113.891366 2 1299.13 2
1575453114.158126 2 1292.82 2
1575453114.424772 2 1280.17 2
