1575453681.465569 0 3 19.9 0 0 0
1575453681.533384 0 3 19.9 0 0 0
1575453681.665569 0 3 19.9 0 0 0
1575453681.798928 0 3 19.9 0 0 0
1575453681.932343 0 3 19.9 0 0 0
1575453682.065582 0 3 19.9 0 0 0
1575453682.13223 0 3 19.8 0 0 0
1575453682.265604 0 3 19.8 0 0 0
1575453682.39895 0 3 19.7 0 0 0
1575453682.532315 0 3 19.6 0 0 0
1575453682.665565 0 3 19.6 0 0 0
1575453682.732415 0 3 19.6 0 0 0
1575453682.865567 0 3 19.3 0 1 0.25
1575453682.998958 0 3 19.3 0 0 0
1575453683.265669 0 3 19.3 0 0 0
1575453683.332234 0 3 19.3 0 0 0
1575453683.465652 0 3 19.3 0 0 0
1575453683.598899 0 3 20.3 0 0 0.25
1575453683.732256 0 3 20.8 0 0 0.25
1575453683.865565 0 3 26.4 0 0 3.5
1575453683.932613 0 3 27.9 0 0 2
1575453684.065568 0 3 29.2 0 0 2
1575453684.198918 0 3 29.3 0 0 1.5
1575453684.332379 0 3 31.2 0 0 3.25
1575453684.46561 0 3 32.1 0 0 3.5
1575453684.532227 0 3 31.2 0 0 3.25
1575453684.665584 0 3 31.3 0 0 4
1575453684.798906 0 3 30.6 0 0 4.75
1575453684.932259 0 3 30 0 0 0
1575453685.065566 0 3 32.6 0 0 0
1575453685.13233 0 3 33.1 0 1 1.5
1575453685.265565 0 3 30.1 0 1 4
1575453685.398902 0 3 25.6 0 1 7.25
1575453685.532352 0 3 20.4 0 1 8.25
1575453685.665618 0 3 23.2 0 0 2.25
1575453685.732221 0 3 27.5 0 0 5
1575453685.865625 0 3 31.4 0 0 8.75
1575453685.998917 0 3 30.8 0 0 0
1575453686.132248 0 3 23.4 0 1 3.25
1575453686.265567 0 3 19.1 0 1 7.25
1575453686.332384 0 3 18 0 1 7.75
1575453686.465566 0 3 21.7 0 0 2
1575453686.598938 0 3 27.8 0 0 5
1575453686.732341 0 3 26.7 0 0 5.75
1575453686.865602 0 3 26 0 0 7
1575453686.932297 0 3 27 0 0 8.5
1575453687.065564 0 3 23.7 0 0 0
1575453687.198914 0 3 16.1 0 1 5.75
1575453687.332289 0 3 17.1 0 1 6.25
1575453687.465571 0 3 18.5 0 1 7
1575453687.532365 0 3 21.7 0 0 0
1575453687.66562 0 3 27.1 0 0 4.75
1575453687.798948 0 3 32.6 0 0 7.75
1575453687.932404 0 3 37.8 0 0 9.5
1575453688.065564 0 3 39.3 0 0 0
1575453688.132354 0 3 37.3 0 1 2.5
1575453688.265565 0 3 38.4 0 1 3.75
1575453688.399015 0 3 38.1 0 1 6.25
1575453688.532236 0 3 33.5 0 1 8.25
1575453688.66562 0 3 35.1 0 0 2
1575453688.732355 0 3 38.6 0 0 4.75
1575453688.865791 0 3 42.7 0 0 7.5
1575453688.998906 0 3 45.2 0 0 8.5
1575453689.132498 0 3 42.1 0 0 0
1575453689.265549 0 3 33.8 0 1 5.75
1575453689.332388 0 3 27.8 0 1 7.75
1575453689.465565 0 3 27.9 0 0 0
1575453689.599163 0 3 34 0 0 2.75
1575453689.73223 0 3 35.8 0 0 4.5
1575453689.865568 0 3 37.7 0 0 6.5
1575453689.932336 0 3 36.3 0 0 8.5
1575453690.065617 0 3 32.5 0 1 1.5
1575453690.198897 0 3 25.5 0 1 5
1575453690.33237 0 3 20.1 0 1 7.5
1575453690.465578 0 3 17.9 0 1 8.25
1575453690.532271 0 3 21.8 0 0 2.25
1575453690.665656 0 3 26.9 0 0 4.5
1575453690.799008 0 3 23.9 0 0 0
1575453690.932225 0 3 27.1 0 1 0.75
1575453691.065651 0 3 27.3 0 0 0.75
1575453691.132348 0 3 28 0 0 0.25
1575453691.265676 0 3 28 0 0 0
1575453691.398898 0 3 28 0 0 0
1575453691.532491 0 3 28 0 0 0
1575453691.665566 0 3 28 0 0 0
1575453691.732318 0 3 28 0 0 0
1575453691.865563 0 3 29.9 0 0 1
1575453692.132225 0 3 29.6 0 0 0
1575453692.265568 0 3 31.1 0 0 0.75
1575453692.332343 0 3 33.8 0 0 1.5
1575453692.465645 0 3 34.3 0 0 0.25
1575453692.5989 0 3 34 0 0 0
1575453692.732615 0 3 34.1 0 0 0
1575453692.865556 0 3 33.3 0 1 0.25
1575453692.932268 0 3 33 0 0 0
1575453693.198961 0 3 33 0 0 0
1575453693.332229 0 3 33 0 0 0
1575453693.465626 0 3 33 0 0 0
1575453693.532337 0 3 33 0 0 0
1575453693.66558 0 3 34.3 0 0 0.75
1575453693.798923 0 3 33.9 0 0 0
1575453693.932552 0 3 34.9 0 0 0.25
1575453694.065568 0 3 34.7 0 0 0
1575453694.132221 0 3 34.7 0 0 0
1575453694.265563 0 3 34.7 0 0 0
1575453694.398889 0 3 34.6 0 0 0
1575453694.53222 0 3 34.1 0 0 0
1575453694.665647 0 3 32.7 0 1 1
1575453694.732344 0 3 32.9 0 0 0
1575453694.865586 0 3 34.3 0 0 0.75
1575453694.998897 0 3 33.9 0 0 0
1575453695.132409 0 3 37.7 0 0 2.25
1575453695.265566 0 3 38.3 0 0 0.75
1575453695.332229 0 3 41.1 0 0 2
1575453695.465638 0 3 41.3 0 0 0
1575453695.598971 0 3 41.9 0 0 0
1575453695.732232 0 3 41.7 0 0 0
1575453695.865658 0 3 38.6 0 1 2
1575453695.932398 0 3 38 0 1 0.25
1575453696.065629 0 3 38.1 0 0 0
1575453696.198915 0 3 40.6 0 0 1.5
1575453696.332335 0 3 41.2 0 0 0.25
1575453696.532241 0 3 40.9 0 0 0
1575453696.665657 0 3 35.6 0 1 3.25
1575453696.798898 0 3 34.4 0 1 1.5
1575453696.932235 0 3 32.7 0 1 1.5
1575453697.065621 0 3 32.7 0 1 0.25
1575453697.398948 0 3 32.8 0 0 0
1575453697.532407 0 3 33.3 0 0 0
1575453697.66557 0 3 33.8 0 0 0
1575453697.73228 0 3 33 0 1 0.25
1575453697.865649 0 3 34.2 0 0 0.25
1575453697.99889 0 3 33.8 0 0 0
1575453698.132236 0 3 33.8 0 0 0
1575453698.265622 0 3 33.8 0 0 0
1575453698.332603 0 3 33.9 0 0 0
1575453698.465568 0 3 33.1 0 1 0.25
1575453698.598902 0 3 33.2 0 0 0
1575453698.732387 0 3 32.3 0 1 0.75
1575453698.865588 0 3 32.4 0 0 0
1575453698.932229 0 3 35.5 0 0 2
1575453699.065686 0 3 36 0 0 0.75
1575453699.198898 0 3 34.3 0 1 1
1575453699.332489 0 3 34.4 0 0 0
1575453699.465571 0 3 33.3 0 1 0.75
1575453699.532612 0 3 33.4 0 0 0
1575453699.665566 0 3 35.2 0 0 1
1575453699.799188 0 3 34.9 0 0 0
1575453699.932364 0 3 33 0 1 1
1575453700.065567 0 3 33.4 0 0 0
1575453700.132235 0 3 31.4 0 1 1.25
1575453700.265774 0 3 31.2 0 0 0
1575453700.398901 0 3 31.6 0 0 0
1575453700.532229 0 3 31.6 0 0 0
1575453700.665615 0 3 31.6 0 0 0
1575453700.732471 0 3 31.6 0 0 0
1575453700.99895 0 3 31.5 0 0 0
1575453701.132362 0 3 33.9 0 0 1.25
1575453701.26556 0 3 36.8 0 0 1.5
1575453701.332289 0 3 37.4 0 0 0.75
1575453701.465561 0 3 33.8 0 1 2
1575453701.598888 0 3 33.2 0 1 0.25
1575453701.732317 0 3 33.2 0 0 0
1575453701.865567 0 3 37.5 0 0 2.5
1575453701.932575 0 3 38.6 0 0 1.25
1575453702.065573 0 3 37.2 0 1 0.75
1575453702.198995 0 3 35.9 0 1 0.75
1575453702.332363 0 3 30.8 0 1 3.25
1575453702.465568 0 3 29.8 0 1 1.25
1575453702.532235 0 3 33.8 0 0 2
1575453702.66564 0 3 35 0 0 1
1575453702.7989 0 3 35.1 0 0 0.25
1575453702.932278 0 3 32.4 0 1 1.5
1575453703.065625 0 3 30.5 0 1 1
1575453703.132307 0 3 29.8 0 1 0.75
1575453703.265568 0 3 29.9 0 0 0
1575453703.398916 0 3 31.9 0 0 1
1575453703.532418 1 3 32.3 0 0 0
1575453703.665567 1 3 28.7 0 1 2.25
1575453703.732224 1 3 27.7 0 1 1.25
1575453703.865625 1 3 23.5 0 1 2.75
1575453703.998977 1 3 22.8 0 0 0
1575453704.132243 1 3 20.4 0 1 2
1575453704.265613 1 3 19.9 0 1 0.75
1575453704.332356 1 3 19.9 0 0 0
1575453704.465576 1 3 15.5 0 1 2.5
1575453704.598957 1 3 14.6 0 0 0
1575453704.732336 1 3 13.2 0 0 0
1575453704.865564 1 3 13 0 0 0
1575453704.932216 0 3 13.5 0 0 0.25
1575453705.065567 0 3 13.6 0 0 0
1575453705.198901 0 3 16 0 0 1.5
1575453705.332232 0 3 16 0 0 0.25
1575453705.465579 0 3 17.1 0 0 0.75
1575453705.532569 0 3 17.1 0 0 0
1575453705.665564 0 3 16.5 0 0 0
1575453705.798899 1 3 16.2 0 1 0.25
1575453705.932388 1 3 16.2 0 0 0
1575453706.065551 1 3 9.3 0 1 4.5
1575453706.132287 1 3 7.7 0 0 0
1575453706.265565 1 3 8.1 0 0 0.75
1575453706.398915 0 3 8.3 0 0 0.75
1575453706.532233 0 3 1.2 0 1 4
1575453706.665604 0 3 3.2 1 1 2.5
1575453706.732558 0 3 8.2 1 1 3.25
1575453706.865619 0 3 9.1 1 0 0
1575453706.998901 0 3 16.5 1 1 4.75
1575453707.132416 0 3 18.9 1 0 0
1575453707.265568 0 3 19.1 1 0 0
1575453707.332223 0 3 25.1 1 1 3.5
1575453707.465628 0 3 26 1 0 0
1575453707.598894 0 3 30 1 1 2.25
1575453707.732233 0 3 30.9 1 1 0.25
1575453707.865619 0 3 34.7 1 1 2.5
1575453707.932381 0 3 35.2 1 1 0.25
1575453708.065564 0 3 35.2 1 0 0
1575453708.198899 0 3 39.4 1 1 2.5
1575453708.332458 0 3 40.1 1 1 0.75
1575453708.465567 0 3 44.7 1 1 2.75
1575453708.532279 0 3 45.2 1 1 0.25
1575453708.66556 0 3 51.8 1 1 4
1575453708.79897 0 3 53.4 1 0 0
1575453708.932247 0 3 60.1 1 1 4.5
1575453709.065629 0 3 62.4 1 1 1.25
1575453709.132456 0 3 63.1 1 1 0.75
1575453709.265584 0 3 71.1 1 1 5
1575453709.398908 0 3 80.6 1 1 5.75
1575453709.532533 0 3 90 1 1 5
1575453709.665554 0 3 92 1 1 1.25
1575453709.732243 0 3 92.3 1 0 0
1575453709.86556 0 3 99.8 1 1 4.75
1575453709.998935 0 3 101 1 1 1
1575453710.132227 0 3 107.9 1 1 4
1575453710.265602 0 3 110.2 1 1 1.5
1575453710.332546 0 3 118.4 1 1 5
1575453710.465572 0 3 121.4 1 1 2
1575453710.598899 0 3 129.5 1 1 5.25
1575453710.732517 0 3 135.3 1 1 2.75
1575453710.93223 0 3 137.3 1 0 0
1575453711.065565 0 3 145.3 1 1 5
1575453711.198962 0 3 154.9 1 1 5.25
1575453711.332234 0 3 165.7 1 1 5.75
1575453711.465646 0 3 176.2 1 1 5.25
1575453711.53257 0 3 185.7 1 1 5.75
1575453711.665568 0 3 193.8 1 1 4.5
1575453711.798902 0 3 203.1 1 1 5.75
1575453711.932616 0 3 213.6 1 1 5.75
1575453712.065567 0 3 225 1 1 6
1575453712.132261 1 3 235.9 1 1 5.75
1575453712.265567 1 3 242.9 1 1 3.25
1575453712.398957 1 3 252.4 1 1 5.25
1575453712.532232 1 3 257.9 1 1 2.75
1575453712.66566 1 3 267.3 1 1 5.75
1575453712.732334 1 3 273.4 1 1 3.25
1575453712.865623 1 3 282.9 1 1 5.25
1575453712.998901 0 3 286.6 1 1 2.25
1575453713.132328 0 3 295.2 1 1 5.25
1575453713.265566 0 3 301.1 1 1 3.5
1575453713.33223 0 3 308 1 1 4
1575453713.465589 0 3 309.3 1 1 0.75
1575453713.598894 1 3 317.4 1 1 5
1575453713.732248 1 3 320.5 1 1 2.25
1575453713.865598 1 3 321.2 1 1 0.25
1575453713.932557 1 3 316.2 1 0 2.75
1575453714.065576 1 3 313.8 1 0 1.5
1575453714.1989 0 3 315.9 1 1 1
1575453714.332368 0 3 316.5 1 1 0.75
1575453714.465565 0 3 319.8 1 1 2
1575453714.532313 0 3 320.8 1 0 0
1575453714.665626 0 3 317.1 1 0 2.25
1575453714.798896 0 3 316 1 1 0.75
1575453714.932235 0 3 315.1 1 1 0.25
1575453715.065621 0 3 313.9 1 0 0.75
1575453715.132552 0 3 314 1 0 0
1575453715.398947 0 3 314 1 0 0
1575453715.532315 0 3 309.7 1 0 2.5
1575453715.665623 0 3 309.6 1 1 0.75
1575453715.73223 0 3 308.6 1 1 0.25
1575453715.865672 0 3 308.1 1 0 0
1575453715.9989 0 3 308.1 1 0 0
1575453716.132282 0 3 300.5 1 0 4.75
1575453716.265563 0 3 299.8 1 1 0.75
1575453716.332367 0 3 294.5 1 0 0
1575453716.465565 0 3 292.7 1 1 0.25
1575453716.598961 0 3 291.7 1 0 0.25
1575453716.732352 0 3 283.6 1 0 5
1575453716.865671 0 3 280.6 1 0 0
1575453716.932229 0 3 272.5 1 0 5
1575453717.065671 0 3 266.2 1 0 3.5
1575453717.198914 0 3 264.1 1 0 0
1575453717.332247 0 3 256 1 0 4.75
1575453717.532537 0 3 257.3 1 1 1.5
1575453717.665562 0 3 251.4 1 0 3.25
1575453717.932374 0 3 250 1 0 0
1575453718.065671 0 3 242 1 0 5
1575453718.132236 0 3 234.1 1 0 5
1575453718.265602 0 3 224.9 1 0 5.25
1575453718.398899 0 3 215.3 1 0 6
1575453718.53228 0 3 206 1 0 5
1575453718.665562 0 3 203.1 1 0 1.5
1575453718.732338 0 3 194.5 1 0 5.25
1575453718.86563 0 3 187.6 1 0 3.75
1575453718.998925 0 3 178.6 1 0 5.75
1575453719.132352 0 3 169.2 1 0 5.25
1575453719.265573 0 3 166.2 1 0 1.5
1575453719.332242 0 3 157.5 1 0 5.25
1575453719.465571 0 3 148.3 1 0 5.25
1575453719.598921 0 3 138.4 1 0 5.75
1575453719.865567 0 3 126.7 1 0 1.5
1575453719.932378 0 3 118.5 1 0 5
1575453720.198897 0 3 110.8 1 0 1
1575453720.332399 0 3 102.5 1 0 5
1575453720.465576 0 3 93.4 1 0 5.25
1575453720.532277 0 3 82.7 1 0 5.75
1575453720.665561 0 3 71.5 1 0 5.75
1575453720.798922 0 3 60.3 1 0 6
1575453720.932219 0 3 49.2 1 0 6
1575453721.065569 0 3 39.8 1 0 4.75
1575453721.132367 0 3 30.6 1 0 5.75
1575453721.265632 0 3 27.7 1 0 1.5
1575453721.398931 0 3 27.3 1 0 0
1575453721.532392 0 3 24.1 1 0 2
1575453721.665563 0 3 24.3 1 0 0
1575453721.732259 0 3 19.8 1 0 2.75
1575453721.865562 0 3 19.6 1 0 0.75
1575453721.998966 0 3 19.7 1 0 0
1575453722.132233 0 3 20 1 0 0
1575453722.265638 0 3 20.7 1 1 0.25
1575453722.332352 0 3 20.7 1 0 0
1575453722.465631 0 3 20.7 1 0 0
1575453722.598899 0 3 20.7 1 0 0
1575453722.732575 0 3 15.7 1 0 2.75
1575453722.865572 0 3 14.6 1 0 1.25
1575453722.932282 0 3 15.1 1 0 0
1575453723.065567 0 3 10.9 1 0 2.5
1575453723.198994 0 3 10.5 1 0 0.75
1575453723.332232 0 3 11 1 0 0
1575453723.465563 0 3 11 1 0 0
1575453723.532412 0 3 11 1 0 0
1575453723.665652 0 3 7.4 1 0 2.25
1575453723.798898 0 3 6.8 1 0 0.75
1575453723.932397 0 3 4.2 1 0 1.5
1575453724.065577 0 3 3.9 1 0 0.25
1575453724.265563 0 3 3.9 1 0 0
1575453724.398976 0 3 1.8 1 0 1.25
1575453724.532233 0 3 2.3 1 0 0
1575453724.665567 0 3 2.8 0 0 3.25
1575453724.732401 0 3 3.9 0 0 1.25
1575453724.865595 0 3 11.5 0 0 5.25
1575453725.132351 0 3 18.7 0 0 1
1575453725.265618 0 3 18.1 0 0 0
1575453725.332304 0 3 18.4 0 0 0
1575453725.465564 0 3 26 0 0 5
1575453725.598945 0 3 27.8 0 0 0
1575453725.732285 0 3 34.3 0 0 0
1575453725.865566 0 3 36.9 0 0 0
1575453725.932358 0 3 42.2 0 0 0
1575453726.065623 0 3 42.7 0 1 1.5
1575453726.198899 0 3 40.5 0 1 3.25
1575453726.33237 0 3 38.5 0 1 5
1575453726.465651 0 3 37.2 0 1 6
1575453726.532234 0 3 35.4 0 1 7.75
1575453726.665623 0 3 36.7 0 0 0
1575453726.79891 0 3 41.9 0 0 4.75
1575453726.932289 0 3 46.9 0 0 7.5
1575453727.065567 0 3 43 0 0 7
1575453727.1324 0 3 40.2 0 0 0
1575453727.265667 0 3 34.4 0 1 2.75
1575453727.398898 0 3 27.5 0 1 5.75
1575453727.532343 0 3 23 0 1 9
1575453727.665627 0 3 26.1 0 0 0
1575453727.732255 0 3 31.4 0 0 4.75
1575453727.865565 0 3 36.3 0 0 7.5
1575453727.998903 0 3 36.6 0 0 0
1575453728.132254 0 3 34.2 0 1 2.25
1575453728.265562 0 3 32.5 0 1 4.75
1575453728.332507 0 3 34.1 0 1 6
1575453728.465641 0 3 33.5 0 1 7.75
1575453728.598959 0 3 36 0 0 0
1575453728.732341 0 3 42.3 0 0 5.25
1575453728.865601 0 3 46.2 0 0 7.25
1575453728.932291 0 3 47.1 0 0 9.75
1575453729.065586 0 3 45.1 0 1 2
1575453729.198951 0 3 43.4 0 1 4.75
1575453729.332283 0 3 39.4 0 1 7.75
1575453729.465563 0 3 37.5 0 1 8.25
1575453729.532535 0 3 42.8 0 0 2.5
1575453729.665567 0 3 51.8 0 0 8.25
1575453729.799007 0 3 56 0 0 9.5
1575453729.932346 0 3 53 0 0 0
1575453730.065632 0 3 47 0 1 2.5
1575453730.132275 0 3 41 0 1 7.5
1575453730.265572 0 3 36.2 0 1 8.5
1575453730.398954 0 3 38.2 0 0 0
1575453730.532261 0 3 37.8 0 0 1.5
1575453730.665568 0 3 36.2 0 0 3.5
1575453730.73237 0 3 37 0 0 6
1575453730.86557 0 3 41.8 0 0 8.5
1575453730.99906 0 3 43.2 0 0 0
1575453731.132343 0 3 37.1 0 1 2.25
1575453731.265665 0 3 31.3 0 1 5.25
1575453731.332233 0 3 26.5 0 1 7.5
1575453731.465587 0 3 29.5 0 1 7
1575453731.598906 0 3 31.1 0 1 7.75
1575453731.73232 0 3 34.6 0 0 0
1575453731.865576 0 3 40.6 0 0 5.25
1575453731.932556 1 3 49.6 0 0 7.5
1575453732.065628 1 3 52.2 0 0 9.75
1575453732.198977 1 3 47.5 0 0 0
1575453732.332361 1 3 41.7 0 1 2.75
1575453732.46563 1 3 35.6 0 1 7.5
1575453732.532295 1 3 31.9 0 1 9.75
1575453732.665617 0 3 32 0 0 0
1575453732.798913 0 3 35.7 0 0 2.5
1575453732.932374 0 3 40.7 0 0 7.5
1575453733.065576 0 3 46 0 0 8.75
1575453733.132424 0 3 45.7 0 0 0
1575453733.265566 0 3 40.5 0 1 2.75
1575453733.398934 0 3 31.7 0 1 8.25
1575453733.532453 0 3 29 0 1 8.5
1575453733.665679 0 3 33 0 0 2.25
1575453733.732234 0 3 34.6 0 0 4
1575453733.865627 0 3 36.3 0 0 6.25
1575453733.998899 0 3 41.1 0 0 9
1575453734.132289 0 3 42.5 0 0 9.5
1575453734.265564 0 3 36.8 0 0 0
1575453734.332621 0 3 31.3 0 1 2.75
1575453734.465557 0 3 21.5 0 1 7.25
1575453734.598933 0 3 18.2 0 1 8.25
1575453734.732386 0 3 18.9 0 0 0
1575453734.865671 0 3 26.7 0 0 2.25
1575453734.932234 0 3 31.5 0 0 4.5
1575453735.065659 0 3 32.6 0 0 4.75
1575453735.1989 0 3 35.2 0 0 7
1575453735.332333 0 3 38.5 0 0 10
1575453735.465583 0 3 37.3 0 0 0
1575453735.532576 0 3 35.1 0 1 2.25
1575453735.665566 0 3 32.4 0 1 5.25
1575453735.798923 0 3 29.2 0 1 7.5
1575453735.932311 0 3 34.2 0 1 6.25
1575453736.132235 0 3 40.2 0 0 2.25
1575453736.265648 0 3 44.5 0 0 5
1575453736.398896 0 3 49.7 0 0 7.75
1575453736.532272 0 3 50.7 0 0 8.25
1575453736.665565 0 3 46.9 0 0 0
1575453736.732648 0 3 37.8 0 1 5.75
1575453736.86557 0 3 31.7 0 1 7.75
1575453736.998968 0 3 31.6 0 0 0
1575453737.132344 0 3 37.4 0 0 5
1575453737.3323 0 3 38.9 0 0 8.5
1575453737.465601 0 3 35.6 0 1 2.25
1575453737.598898 0 3 30.6 0 1 5.25
1575453737.732278 0 3 26.2 0 1 7.25
1575453737.865605 0 3 27.4 0 0 0
1575453738.065622 0 3 39.1 0 0 7.75
1575453738.465569 0 3 28.3 0 1 6
1575453738.532233 0 3 24.7 0 1 9
1575453738.665635 0 3 27.6 0 0 0
1575453738.798896 0 3 31.7 0 0 4.5
1575453738.932285 0 3 35.9 0 0 7
1575453739.065562 0 3 37.9 0 0 7.75
1575453739.132464 0 3 36.6 0 0 0
1575453739.265569 0 3 32.4 0 1 5
1575453739.399003 0 3 33.9 0 1 3.75
1575453739.532398 0 3 33.9 0 1 6.25
1575453739.665641 0 3 39.8 0 1 5.25
1575453739.732233 0 3 41.1 0 1 7
1575453739.865651 0 3 43.1 0 0 0
1575453739.998902 0 3 53.7 0 0 3.5
1575453740.132341 0 3 57.8 0 0 3.25
1575453740.265569 0 3 61.9 0 0 5.25
1575453740.332566 0 3 64.5 0 0 6
1575453740.465568 0 3 66.1 0 0 7.75
1575453740.599011 0 3 58.8 0 0 4
1575453740.732417 0 3 56.3 0 0 5.75
1575453740.865565 0 3 45.8 0 0 0
1575453741.065678 0 3 41.3 0 0 0
1575453741.198901 0 3 36.9 0 1 1.25
1575453741.332272 0 3 35.5 0 1 0.25
1575453741.46556 0 3 36.2 0 0 0.25
1575453741.532551 0 3 37.2 0 0 0.75
1575453741.665568 0 3 42.3 0 0 3.25
1575453741.798943 0 3 43.1 0 0 1.5
1575453741.932386 0 3 43.1 0 0 1
1575453742.065662 0 3 43 0 0 1.25
1575453742.132232 0 3 43.1 0 0 1
1575453742.265599 0 3 42.9 0 0 1
1575453742.39895 0 3 44.4 0 0 1
1575453742.532283 0 3 45.3 0 0 1
1575453742.665565 0 3 44.9 0 0 0
1575453742.732587 0 3 45 0 0 0
1575453742.865568 0 3 50.8 0 0 3.5
1575453743.132414 0 3 51.6 0 0 0
1575453743.26566 0 3 53.1 0 0 0
1575453743.332233 0 3 51.5 0 1 0.25
1575453743.4656 0 3 51.2 0 0 0
1575453743.598884 0 3 47.2 0 1 2.25
1575453743.732295 0 3 46.9 0 1 1
1575453743.865567 0 3 39.2 0 1 4.5
1575453743.932526 0 3 36 0 1 2
1575453744.065569 0 3 36.1 0 0 0
1575453744.199199 0 3 33 0 1 2
1575453744.332341 0 3 31.9 0 1 1
1575453744.465624 0 3 32 0 0 0
1575453744.532235 0 3 32.1 0 0 0
1575453744.665634 0 3 30.9 0 1 0.75
1575453744.798921 0 3 31.1 0 0 0
1575453744.932287 0 3 31.1 0 0 0
1575453745.065566 0 3 38.2 0 0 4.5
1575453745.132657 0 3 41 0 0 2
1575453745.265567 0 3 46.3 0 0 3.25
1575453745.398948 0 3 46.8 0 1 0.25
1575453745.532413 0 3 46.7 0 0 0
1575453745.665668 0 3 47.4 0 0 0
1575453745.732286 0 3 47.4 0 0 0
1575453745.865575 0 3 40.8 0 1 3.75
1575453745.998901 0 3 39.5 0 1 1.25
1575453746.132339 0 3 37.9 0 1 1.25
1575453746.265566 0 3 38.3 0 0 0
1575453746.332559 0 3 38.3 0 0 0
1575453746.465567 0 3 41.4 0 0 1.5
1575453746.599007 0 3 42.1 0 0 0.75
1575453746.732376 0 3 46.2 0 0 2.5
1575453746.865659 0 3 46.3 0 0 0
1575453746.932221 0 3 38.9 0 1 4.5
1575453747.065598 0 3 37.4 0 1 2
1575453747.1989 0 3 30.1 0 1 4.75
1575453747.33229 0 3 24.6 0 0 0
1575453747.532436 0 3 22.8 0 0 0
1575453747.665567 0 3 21.7 0 1 0.75
1575453747.798932 0 3 24.5 0 0 1.5
1575453747.932396 0 3 25.3 0 0 0.25
1575453748.065676 0 3 32 0 0 4.5
1575453748.132281 0 3 34 0 0 3.25
1575453748.265616 0 3 40.9 0 0 6.5
1575453748.398898 0 3 45.9 0 0 3.5
1575453748.532286 0 3 46.8 0 0 0
1575453748.665563 0 3 53 0 0 5.75
1575453748.732413 0 3 57.1 0 0 0
1575453748.865567 0 3 64 0 0 4.75
1575453748.99897 0 3 64.7 0 1 1
1575453749.132348 0 3 56.6 0 1 4.75
1575453749.265664 0 3 52.8 0 1 2.5
1575453749.332274 0 3 44.5 0 1 5.25
1575453749.465565 0 3 40.8 0 1 2.25
1575453749.598901 0 3 40.3 0 1 0.75
1575453749.732251 0 3 39.7 0 1 0.75
1575453749.865615 0 3 39.9 0 0 0
1575453749.932374 0 3 41.2 0 0 0.75
1575453750.065655 0 3 41.5 0 0 0.25
1575453750.198909 0 3 41.5 0 0 0
1575453750.332736 0 3 44.1 0 0 1.5
1575453750.465568 0 3 43.9 0 0 0
1575453750.532331 0 3 43.9 0 0 0
1575453750.665566 0 3 43.9 0 0 0
1575453750.799006 0 3 42.8 0 1 0.75
1575453750.932232 0 3 42.9 0 0 0
1575453751.06564 0 3 44 0 0 0.75
1575453751.132418 0 3 43.9 0 0 0
1575453751.265602 0 3 43.9 0 0 0
1575453751.398891 0 3 43.9 0 0 0
1575453751.532576 0 3 43.9 0 0 0
1575453751.665576 0 3 41.3 0 1 1.5
1575453751.732255 0 3 40.9 0 1 0.25
1575453751.998996 0 3 40.2 0 0 0
1575453752.132232 0 3 38.3 0 1 1.25
1575453752.265568 0 3 38.4 0 0 0
1575453752.332412 0 3 36 0 1 1.25
1575453752.46563 0 3 36.3 0 0 0
1575453752.598897 0 3 36.2 0 0 0
1575453752.732596 0 3 41.2 0 0 2.75
1575453752.865554 0 3 42.4 0 0 1
1575453752.93226 0 3 46.1 0 0 2.5
1575453753.065625 0 3 46.6 0 0 0
1575453753.1989 0 3 48.3 0 0 0
1575453753.332237 0 3 48.1 0 0 0
1575453753.465564 0 3 48.1 0 1 0.25
1575453753.532353 0 3 46.1 0 1 0.75
1575453753.665676 0 3 46.2 0 0 0
1575453753.798898 0 3 44.4 0 1 1
1575453753.932594 0 3 44.5 0 0 0
1575453754.065571 0 3 44.5 0 0 0
1575453754.13229 0 3 44.5 0 0 0
1575453754.26557 0 3 44.5 0 0 0
1575453754.398943 0 3 44.5 0 0 0
1575453754.532234 0 3 44.5 0 0 0
1575453754.665638 0 3 48.4 0 0 2.25
1575453754.732373 0 3 49.3 0 0 0.75
1575453754.865644 0 3 48.9 0 0 0
1575453754.998898 0 3 45.6 0 1 2
1575453755.132748 1 3 45.1 0 1 0.25
1575453755.265566 1 3 43.2 0 1 1.25
1575453755.332281 1 3 43.5 0 0 0
1575453755.465634 1 3 36 0 1 4.5
1575453755.598901 1 3 34.5 0 0 0
1575453755.732236 1 3 34.6 0 0 0.25
1575453755.865626 1 3 27.3 0 1 5
1575453755.932499 1 3 22 0 0 0
1575453756.065565 1 3 12.6 0 1 5.75
1575453756.198901 1 3 8.7 0 1 2
1575453756.465572 1 3 7.5 0 0 0
1575453756.53224 1 3 0.2 1 1 5
1575453756.665645 1 3 1.9 1 0 0
1575453756.798905 1 3 9.2 1 1 5
1575453757.065569 1 3 15 1 1 0.75
1575453757.132587 0 3 22.1 1 0 0
1575453757.265566 0 3 27.4 1 0 0.75
1575453757.398931 0 3 28.5 1 0 1
1575453757.532387 0 3 35.5 1 1 4
1575453757.665565 1 3 37.7 1 1 1.25
1575453757.732229 1 3 45.3 1 1 4.75
1575453757.865623 1 3 47.5 1 1 1.5
1575453757.998892 1 3 47.5 1 0 0
1575453758.132317 0 3 55.7 1 1 5
1575453758.265566 0 3 61.9 1 1 3.25
1575453758.332543 0 3 71 1 1 5.25
1575453758.46556 0 3 73.6 1 1 1.5
1575453758.598969 0 3 81.8 1 1 5
1575453758.732331 0 3 85.9 1 1 2.25
1575453758.932287 0 3 100.9 1 1 2.75
1575453759.065634 0 3 110.3 1 1 5.25
1575453759.1989 0 3 116 1 1 2.75
1575453759.332315 0 3 124.7 1 1 5
1575453759.465566 0 3 128.1 1 1 2.25
1575453759.532504 0 3 129.2 1 1 0.25
1575453759.66557 0 3 132 1 1 2
1575453759.798965 0 3 132 1 0 0
1575453759.932397 0 3 135.4 1 1 2
1575453760.06566 0 3 141.8 1 1 4
1575453760.132293 0 3 143.7 1 1 1.25
1575453760.265619 0 3 151.2 1 1 4.75
1575453760.398902 0 3 153.5 1 1 1.5
1575453760.532287 0 3 158.7 1 1 3.25
1575453760.665568 0 3 159.1 1 1 0.25
1575453760.732529 0 3 162.3 1 1 2
1575453760.86566 0 3 167.1 1 1 3.25
1575453760.998884 0 3 168 1 0 0
1575453761.132498 0 3 173.5 1 1 3.5
1575453761.265566 0 3 174.2 1 1 0.75
1575453761.332283 0 3 182.2 1 1 5
1575453761.465566 0 3 186.9 1 1 2.5
1575453761.59923 0 3 196.1 1 1 5.75
1575453761.732237 0 3 206.9 1 1 6
1575453761.865633 0 3 217.9 1 1 5.75
1575453761.932571 0 3 228.5 1 1 5.75
1575453762.065672 0 3 238.1 1 1 5.25
1575453762.1989 0 3 240.8 1 1 1.5
1575453762.33252 0 3 246.5 1 1 3.75
1575453762.465568 0 3 250.5 1 0 0.25
1575453762.532393 0 3 251.4 1 0 0.75
1575453762.665557 0 3 253.6 1 1 1.25
1575453762.798975 0 3 253.7 1 0 0
1575453762.93229 1 3 252.6 1 0 0.25
1575453763.132354 1 3 239.3 1 0 2.5
1575453763.265666 1 3 230.3 1 0 5.25
1575453763.398901 1 3 226.5 1 0 0
1575453763.532742 1 3 218.5 1 0 4.75
1575453763.665559 1 3 209 1 0 5.75
1575453763.732368 1 3 203.7 1 0 2.25
1575453763.86559 1 3 203.1 1 0 0
1575453763.998969 1 3 203.6 1 0 0
1575453764.132231 1 3 211.1 1 1 4.75
1575453764.265663 0 3 220.7 1 1 5.75
1575453764.332391 0 3 229.8 1 1 5
1575453764.465641 0 3 240.3 1 1 5.75
1575453764.598901 1 3 251.3 1 1 5.75
1575453764.732554 1 3 262.4 1 1 5.75
1575453764.865566 1 3 262.8 1 0 2.5
1575453764.932318 1 3 254.3 1 0 5
1575453765.065568 1 3 243.9 1 0 5.75
1575453765.199147 1 3 233.4 1 0 5.75
1575453765.332234 1 3 222.5 1 0 5.75
1575453765.465644 1 3 211.4 1 0 6
1575453765.532344 1 3 200.4 1 0 6
1575453765.665581 1 3 189.4 1 0 6
1575453765.798929 1 3 178.8 1 0 5.75
1575453765.932646 1 3 168 1 0 5.75
1575453766.065568 1 3 157.3 1 0 5.75
1575453766.132307 1 3 146.4 1 0 6
1575453766.265554 1 3 135.4 1 0 6
1575453766.398927 0 3 124.4 1 0 6
1575453766.532232 0 3 113.6 1 0 5.75
1575453766.665627 0 3 102.7 1 0 5.75
1575453766.732384 0 3 91.6 1 0 5.75
1575453766.865661 0 3 80.4 1 0 6
1575453766.998902 0 3 69 1 0 6
1575453767.132798 0 3 57.5 1 0 6
1575453767.265567 0 3 46.2 1 0 6
1575453767.332331 0 3 35 1 0 5.75
1575453767.465566 0 3 23.9 1 0 6
1575453767.598996 0 3 12.8 1 0 6
1575453767.732236 0 3 1.8 1 0 5.75
1575453767.865568 0 3 9.2 0 0 5.75
1575453768.065853 0 3 31.5 0 0 6
1575453768.198903 0 3 42.8 0 0 6
1575453768.332394 0 3 53.9 0 0 5.75
1575453768.465592 0 3 65.2 0 0 6
1575453768.532328 0 3 76.8 0 0 6
1575453768.665568 0 3 88.2 0 0 6
1575453768.798901 0 3 99.6 0 0 6
1575453768.932289 0 3 111 0 0 6.25
1575453769.065572 0 3 122.5 0 0 6
1575453769.13237 0 3 133.8 0 0 6
1575453769.26557 0 3 144.9 0 0 5.75
1575453769.3989 0 3 150.8 0 0 2.5
1575453769.532587 0 3 145.9 0 1 2.75
1575453769.665583 0 3 140.1 0 0 0
1575453769.732332 0 3 131 0 1 5.25
1575453769.865559 0 3 121.6 0 1 5
1575453769.998971 0 3 117.8 0 1 2
1575453770.132246 0 3 109.1 0 1 5.25
1575453770.265569 0 3 99.6 0 1 5.25
1575453770.332336 0 3 90.5 0 1 5.25
1575453770.465739 0 3 80.6 0 1 5.75
1575453770.598896 0 3 69.6 0 1 5.75
1575453770.865651 0 3 49.7 0 1 4.5
1575453770.932393 0 3 40.1 0 1 5.75
1575453771.065589 0 3 31.7 0 1 5.25
1575453771.198961 0 3 28.7 0 1 2
1575453771.332263 0 3 22.6 0 0 0
1575453771.465567 0 3 22.3 0 0 0.25
1575453771.532357 0 3 21.8 0 0 0.25
1575453771.665624 0 3 21.7 0 0 1
1575453771.798895 0 3 23.4 0 0 1.5
1575453771.932333 0 3 23.7 0 0 0.75
1575453772.065579 0 3 23.2 0 0 0
1575453772.132297 0 3 21.3 0 1 1
1575453772.265555 0 3 21.3 0 0 0
1575453772.398902 0 3 17 0 0 0
1575453772.532227 0 3 16.1 0 0 0
1575453772.665607 0 3 8.8 0 1 4.5
1575453772.732333 0 3 7.2 0 0 0.25
1575453772.998904 0 3 6.7 0 0 0
1575453773.132584 0 3 3.9 0 1 1.5
1575453773.265553 0 3 4.6 0 0 0.25
1575453773.33232 0 3 4.6 0 0 0
1575453773.465566 0 3 9.7 0 0 3.25
1575453773.599015 0 3 10.7 0 0 1.25
1575453773.732234 0 3 10.1 0 0 0
1575453773.86566 0 3 15.2 0 0 3.25
1575453773.932364 0 3 15.3 0 0 0.75
1575453774.06566 0 3 16.8 0 0 1
1575453774.198932 0 3 17.2 0 0 0
1575453774.332723 0 3 19.4 0 0 1.25
1575453774.465569 0 3 19.1 0 0 0
1575453774.532288 0 3 19.1 0 0 0
1575453774.665553 0 3 20 0 0 0.75
1575453774.799143 0 3 20 0 0 0
1575453774.932227 0 3 20.1 0 0 0
1575453775.065563 0 3 20.1 0 0 0
1575453775.132395 0 3 20.1 0 0 0
1575453775.265611 0 3 20.2 0 0 0
1575453775.398904 0 3 20.2 0 0 0
1575453775.532519 0 3 20.2 0 0 0
1575453775.665572 0 3 20.2 0 0 0
1575453775.732284 0 3 20.2 0 0 0
1575453775.865568 0 3 20.9 0 0 0.25
1575453775.998931 0 3 20.9 0 0 0
1575453776.132448 0 3 23.2 0 0 1.5
1575453776.265661 0 3 23 0 0 0
1575453776.332365 0 3 26 0 0 2
1575453776.465646 0 3 26 0 0 0.25
1575453776.598887 0 3 20.4 0 1 3.5
1575453776.732555 0 3 19.4 0 0 0
1575453776.865567 0 3 17 0 0 0.75
1575453776.93224 0 3 16.9 0 0 0.75
1575453777.065551 0 3 19.4 0 0 2
1575453777.198994 0 3 19.4 0 0 0
1575453777.332228 0 3 25.6 0 0 4.75
1575453777.465573 0 3 28 0 0 3.5
1575453777.532434 0 3 31.1 0 0 0
1575453777.665801 0 3 31 0 0 0
1575453777.798898 0 3 30.3 0 1 2
1575453777.93235 0 3 28 0 1 3.5
1575453778.065562 0 3 25.8 0 1 6
1575453778.132308 0 3 29.8 0 1 4.75
1575453778.265661 0 3 29.9 0 1 7.25
1575453778.398938 0 3 35.9 0 1 4.75
1575453778.532276 0 3 37.5 0 0 0
1575453778.665554 0 3 44.3 0 0 1.5
1575453778.732322 0 3 48.4 0 0 2.25
1575453778.865637 0 3 52.8 0 0 5
1575453778.998898 0 3 60.2 0 0 8.25
1575453779.132612 0 3 62.2 0 0 0
1575453779.732232 0 3 61.3 0 0 5.75
1575453779.865675 0 3 55.2 0 0 4
1575453779.932396 0 3 50.8 0 0 4.5
1575453780.065607 0 3 40.4 0 0 0
1575453780.198954 0 3 27.3 0 1 5.25
1575453780.332562 0 3 16.8 0 1 5.25
1575453780.465566 0 3 5.8 0 1 6
1575453780.532275 0 3 1.3 0 1 0.25
1575453780.665626 0 3 0.4 0 0 0
1575453780.798959 0 3 0.5 0 0 0
1575453780.932234 0 3 7.7 0 0 4.5
1575453781.065609 0 3 9.3 0 0 2
1575453781.132358 0 3 16.5 0 0 5.75
1575453781.265598 0 3 20.7 0 0 2.5
1575453781.398901 0 3 21.4 0 0 1.25
1575453781.532467 0 3 29.1 0 0 5.75
1575453781.665561 0 3 31.9 0 0 3.25
1575453781.732223 0 3 38.8 0 0 6.5
1575453781.865626 0 3 42 0 0 4.5
1575453781.998977 0 3 44.1 0 0 0
1575453782.132231 0 3 44 0 1 1.25
1575453782.265628 0 3 42.4 0 1 2.25
1575453782.332364 0 3 41.4 0 1 4.5
1575453782.465586 0 3 38.6 0 1 7
1575453782.598903 0 3 35.4 0 1 8.75
1575453782.73254 0 3 37.6 0 0 0
1575453782.865565 0 3 43.8 0 0 5
1575453782.932253 0 3 49.8 0 0 7.5
1575453783.065568 0 3 50.8 0 0 9.5
1575453783.198981 0 3 45.4 0 1 2.5
1575453783.332235 0 3 38.3 0 1 6
1575453783.465591 0 3 30.8 0 1 8.5
1575453783.532428 0 3 30.8 0 0 0
1575453783.6656 0 3 30.7 0 0 2
1575453783.798911 0 3 31.6 0 0 4
1575453783.932439 0 3 34.3 0 0 6.5
1575453784.132304 0 3 36.8 0 0 8.75
1575453784.265665 0 3 32.1 0 1 2.25
1575453784.398895 0 3 26.1 0 1 5.25
1575453784.532267 0 3 18.4 0 1 9.5
1575453784.665569 0 3 18.2 0 0 0
1575453784.732718 0 3 23.8 0 0 2.5
1575453784.865567 0 3 28.7 0 0 5
1575453784.999017 0 3 32.5 0 0 7.25
1575453785.13236 0 3 36.2 0 0 0
1575453785.265598 0 3 35.6 0 1 2
1575453785.332254 0 3 34.8 0 1 2.5
1575453785.465769 0 3 32.4 0 1 7
1575453785.598896 0 3 30 0 1 7.25
1575453785.732233 0 3 30.3 0 0 0
1575453785.865588 0 3 35.8 0 0 2.5
1575453785.932483 0 3 40.1 0 0 5.25
1575453786.065563 0 3 42.8 0 0 8.75
1575453786.198948 0 3 41.2 0 0 8.25
1575453786.332491 0 3 38.1 0 0 0
1575453786.465576 0 3 31.1 0 1 2.25
1575453786.532217 0 3 27.1 0 1 4.75
1575453786.665621 0 3 20.2 0 1 7.25
1575453786.798905 0 3 18.1 0 1 7.5
1575453786.932231 0 3 19.9 0 0 0
1575453787.065592 0 3 24.5 0 0 2.5
1575453787.132495 0 3 30.1 0 0 7.25
1575453787.265566 0 3 34.7 0 0 8.5
1575453787.398983 0 3 33.6 0 0 0
1575453787.532339 0 3 31.4 0 1 2.5
1575453787.665675 0 3 28.2 0 1 5
1575453787.732231 0 3 27 0 1 6.5
1575453787.865633 0 3 25.2 0 1 8.75
1575453787.998914 0 3 25.5 0 0 0
1575453788.13229 0 3 30 0 0 2.5
1575453788.265572 0 3 36.7 0 0 7
1575453788.332372 0 3 40.8 0 0 9
1575453788.465562 0 3 39.7 0 0 7
1575453788.598983 0 3 37.2 0 0 0
1575453788.732377 0 3 33.4 0 1 2.25
1575453788.932233 0 3 26.2 0 1 5
1575453789.065692 0 3 24.9 0 1 7
1575453789.198901 0 3 24.1 0 1 7.75
1575453789.332277 0 3 25.3 0 0 0
1575453789.465565 0 3 29.3 0 0 2.25
1575453789.532474 0 3 35.1 0 0 5.25
1575453789.665569 0 3 40.1 0 0 9.5
1575453789.798934 0 3 40.6 0 0 9.5
1575453789.932371 0 3 37.2 0 0 0
1575453790.065641 0 3 32.5 0 1 2.5
1575453790.132264 0 3 27.3 0 1 5.25
1575453790.265566 0 3 23.6 0 1 8.75
1575453790.398902 0 3 24.4 0 0 0
1575453790.532241 0 3 30 0 0 2.75
1575453790.665569 0 3 37.7 0 0 7.5
1575453790.732369 0 3 39.6 0 0 9.5
1575453790.865583 0 3 33.9 0 1 2.75
1575453790.998901 0 3 27.2 0 1 7.75
1575453791.132379 0 3 25.1 0 1 8.25
1575453791.26557 0 3 28.7 0 0 0
1575453791.332307 0 3 33.3 0 0 2.25
1575453791.465596 0 3 41.1 0 0 7.25
1575453791.598964 0 3 45 0 0 9
1575453791.732213 0 3 43.9 0 0 8.5
1575453791.865567 0 3 39.2 0 1 2.25
1575453791.932359 0 3 28.5 0 1 4.5
1575453792.06557 0 3 24.1 0 1 6.25
1575453792.198914 0 3 21.5 0 1 7.75
1575453792.33236 0 3 18.8 0 0 0
1575453792.465637 0 3 19 0 0 1.5
1575453792.532231 0 3 21.8 0 0 2
1575453792.665585 0 3 24.7 0 0 4
1575453792.798906 0 3 30.6 0 0 6.25
1575453792.932301 0 3 33.4 0 0 7.5
1575453793.065578 0 3 36.3 0 0 0
1575453793.132367 0 3 35.1 0 1 2.25
1575453793.265632 0 3 30.3 0 1 5.25
1575453793.398897 0 3 28.9 0 1 7.25
1575453793.532496 0 3 28.7 0 1 7.75
1575453793.66557 0 3 32.5 0 0 0
1575453793.732412 0 3 37.2 0 0 2.5
1575453793.865576 0 3 38 0 0 4.5
1575453793.998929 0 3 39.5 0 0 6.5
1575453794.132242 0 3 41.3 0 0 8.25
1575453794.265578 0 3 39.2 0 0 7.75
1575453794.33245 0 3 36.2 0 0 0
1575453794.465662 0 3 30 0 1 2.25
1575453794.598901 0 3 25.6 0 1 4.75
1575453794.732387 0 3 21.9 0 1 7.25
1575453794.865636 0 3 26.4 0 1 5.75
1575453794.932482 0 3 27.1 0 1 6
1575453795.065566 0 3 30.6 0 1 6
1575453795.198941 0 3 32 0 0 0
1575453795.33228 0 3 33.3 0 0 1.5
1575453795.465615 0 3 37.3 0 0 4.5
1575453795.532446 0 3 42.3 0 0 7.5
1575453795.665577 0 3 43.5 0 0 8.5
1575453795.798899 0 3 41.7 0 0 0
1575453795.932391 0 3 35.2 0 1 2.75
1575453796.065566 0 3 29.3 0 1 7.75
1575453796.132225 0 3 27.1 0 1 8.5
1575453796.26563 0 3 27.9 0 0 0
1575453796.399 0 3 31.3 0 0 2.25
1575453796.532234 0 3 36 0 0 5
1575453796.665635 0 3 42.2 0 0 7.5
1575453796.732375 0 3 43.8 0 0 9.5
1575453796.865628 0 3 40.1 0 0 0
1575453796.998899 0 3 33.7 0 1 5.75
1575453797.13279 0 3 28.2 0 1 7.75
1575453797.265566 0 3 29.1 0 0 0
1575453797.332284 0 3 33.6 0 0 2.25
1575453797.465569 0 3 38.5 0 0 5
1575453797.598945 0 3 36.8 0 0 3.75
1575453797.732234 0 3 36.9 0 0 5.75
1575453797.865624 0 3 28.5 0 0 2.75
1575453797.932423 0 3 25.4 0 0 3.5
1575453798.065603 0 3 14.2 0 1 6
1575453798.198904 0 3 9.3 0 1 1
1575453798.332486 0 3 8.7 0 0 0
1575453798.532264 0 3 8.6 0 0 0
1575453798.665575 0 3 12.5 0 0 2.25
1575453798.798975 0 3 13 0 0 0.75
1575453798.93224 0 3 16.9 0 0 2.25
1575453799.065585 0 3 17.6 0 0 0.75
1575453799.132548 0 3 23.2 0 0 3.25
1575453799.26562 0 3 24.3 0 0 2
1575453799.398907 0 3 29.2 0 0 3.75
1575453799.532418 0 3 30.2 0 0 2.75
1575453799.665567 0 3 29.8 0 0 2.25
1575453799.732227 0 3 29.9 0 0 2
1575453799.865771 0 3 29.4 0 0 1.25
1575453800.132235 0 3 30.4 0 0 0.25
1575453800.26563 0 3 30.3 0 0 0
1575453800.332786 0 3 30.4 0 0 0
1575453800.465569 0 3 30.7 0 0 0.25
1575453800.598939 0 3 30.8 0 0 0
1575453800.732341 0 3 34.3 0 0 2.25
1575453800.865569 0 3 34.6 0 0 0.75
1575453800.932228 0 3 33.5 0 1 0.25
1575453801.06571 0 3 33.5 0 0 0
1575453801.198902 0 3 28.9 0 1 3.25
1575453801.332278 0 3 27.6 0 0 0
1575453801.465557 0 3 22.6 0 0 0
1575453801.53246 0 3 22.3 0 0 0.25
1575453801.665568 0 3 21.9 0 0 0.75
1575453801.799176 0 3 21.7 0 0 0.75
1575453801.932393 0 3 20.5 0 0 0
1575453802.06561 0 3 20.2 0 0 0
1575453802.132232 0 3 20.2 0 0 0
1575453802.265629 0 3 27 0 0 4
1575453802.398902 0 3 29.7 0 0 1.25
1575453802.532333 0 3 38 0 0 4.5
1575453802.665566 0 3 39.5 0 0 2.5
1575453802.732376 0 3 40.8 0 0 2.5
1575453802.998889 0 3 41.4 0 0 2.75
1575453803.132351 0 3 37.2 0 0 1
1575453803.265661 0 3 35.9 0 0 1
1575453803.332234 0 3 33.2 0 0 0
1575453803.465573 0 3 32.2 0 0 0
1575453803.598933 0 3 30.2 0 1 1
1575453803.732281 0 3 30.1 0 0 0
1575453803.865566 0 3 30.1 0 0 0
1575453803.932361 0 3 34 0 0 2.25
1575453804.065565 0 3 35 0 0 0.75
1575453804.198956 0 3 35 0 0 0
1575453804.332669 0 3 35 0 0 0
1575453804.465622 0 3 36.3 0 0 0.75
1575453804.53236 0 3 36.1 0 0 0
1575453804.665574 0 3 38.1 0 0 1.25
1575453804.932233 0 3 37.7 0 0 0
1575453805.065677 0 3 37.6 0 0 0
1575453805.132366 0 3 37.2 0 0 0
1575453805.265621 0 3 37.2 0 0 0
1575453805.398904 0 3 32 0 1 3.25
1575453805.532564 0 3 30.9 0 1 1.25
1575453805.665565 0 3 28.3 0 1 2
1575453805.732325 0 3 28.1 0 0 0
1575453805.865568 0 3 28.6 0 0 0.25
1575453805.998988 0 3 28.6 0 0 0
1575453806.132231 0 3 28.6 0 0 0
1575453806.265641 0 3 34.9 0 0 3.75
1575453806.332463 0 3 36.7 0 0 2.5
1575453806.465601 0 3 31.7 0 1 2.75
1575453806.598903 0 3 29.8 0 0 0
1575453806.732371 0 3 23.9 0 1 3.5
1575453806.865555 0 3 23 0 0 0
1575453806.932228 0 3 22.7 0 1 0.25
1575453807.065571 0 3 22.2 0 1 0.25
1575453807.198911 0 3 22.2 0 0 0
1575453807.465627 0 3 28.3 0 0 1
1575453807.532335 0 3 30 0 0 1.25
1575453807.665594 0 3 30.1 0 0 0
1575453807.798913 0 3 30.1 0 0 0
1575453807.932343 0 3 35 0 0 3.25
1575453808.065567 0 3 36.3 0 0 1.5
1575453808.13223 0 3 43.2 0 0 5
1575453808.265666 0 3 45.3 0 0 3.25
1575453808.398906 0 3 45.3 0 0 2.5
1575453808.532281 0 3 45.3 0 0 0
1575453808.665568 0 3 40.9 0 0 0
1575453808.732516 0 3 39.7 0 0 0
1575453808.865566 0 3 39.1 0 0 0
1575453808.999002 0 3 39.9 0 0 0
1575453809.132369 0 3 39.9 0 0 0
1575453809.265566 0 3 42.1 0 0 0
1575453809.332228 0 3 42.5 0 0 0
1575453809.465573 0 3 42.4 0 1 1.25
1575453809.5989 0 3 32.9 0 1 4
1575453809.732262 0 3 29 0 1 3.5
1575453809.865573 0 3 22.4 0 1 5.75
1575453809.932605 0 3 20.1 0 1 3.5
1575453810.065583 0 3 20.2 0 0 0
1575453810.198938 0 3 15.8 0 0 0
1575453810.332397 0 3 15.5 0 0 1
1575453810.465605 0 3 19.6 0 0 2
1575453810.532233 0 3 20.8 0 0 2
1575453810.665668 0 3 26.6 0 0 4.5
1575453810.7989 0 3 28.2 0 0 3.75
1575453810.932275 0 3 34.2 0 0 7.5
1575453811.06557 0 3 36 0 0 0
1575453811.132329 0 3 40.1 0 0 0
1575453811.26559 0 3 42.2 0 0 0
1575453811.398932 0 3 42.4 0 1 2
1575453811.532406 0 3 40.8 0 1 4
1575453811.665606 0 3 37.8 0 1 6.5
1575453811.732235 0 3 36.6 0 1 6.5
1575453811.865702 0 3 35.7 0 1 7.5
1575453811.998909 0 3 39.4 0 0 2.25
1575453812.132225 0 3 45.5 0 0 5.75
1575453812.265569 0 3 40.6 0 0 4.75
1575453812.332363 0 3 38.2 0 0 5.75
1575453812.465554 0 3 37.6 0 0 6.5
1575453812.598904 0 3 30.2 0 0 2
1575453812.732383 0 3 28 0 0 2.5
1575453812.79888 0 3 30.9 0 0 3.75
1575453812.932269 0 3 39.5 0 0 5
1575453813.065561 0 3 49.6 0 0 5.75
1575453813.1989 0 3 60.5 0 0 6
1575453813.332291 0 3 55.8 0 1 5
