1575453681.598912 2 980.95 2
1575453681.865576 2 980.95 2
1575453682.065701 2 980.80 2
1575453682.398904 2 980.73 2
1575453682.665623 2 981.37 2
1575453682.932239 2 981.95 2
1575453683.198974 2 981.41 2
1575453683.398906 2 979.08 2
1575453683.665596 2 973.86 2
1575453683.865612 2 972.89 2
1575453684.132249 2 971.40 2
1575453684.332434 2 973.80 2
1575453684.598907 2 974.63 2
1575453684.865574 2 969.58 2
1575453685.06562 2 970.88 2
1575453685.332222 2 974.95 2
1575453685.532401 2 976.64 2
1575453685.798913 2 976.53 2
1575453686.065592 2 974.53 2
1575453686.332346 2 974.93 2
1575453686.532233 2 981.67 2
1575453686.79891 2 980.05 2
1575453687.132585 2 973.05 2
1575453687.465629 2 964.93 2
1575453687.798898 2 963.45 2
1575453688.132289 2 956.19 2
1575453688.332365 2 961.36 2
1575453688.599004 2 963.38 2
1575453688.865694 2 963.51 2
1575453689.132441 2 965.23 2
1575453689.332313 2 964.45 2
1575453689.59901 2 970.78 2
1575453689.799022 2 972.65 2
1575453689.998935 2 974.87 2
1575453690.332424 2 976.00 2
1575453690.665592 2 973.05 2
1575453690.865571 2 972.63 2
1575453691.198914 2 972.23 2
1575453691.465595 2 970.99 2
1575453691.732266 2 970.20 2
1575453691.998954 2 969.27 2
1575453692.198975 2 966.80 2
1575453692.465586 2 966.48 2
1575453692.665659 2 967.23 2
1575453692.865604 2 967.42 2
1575453693.13238 2 967.98 2
1575453693.465708 2 966.29 2
1575453693.732277 2 965.90 2
1575453693.99898 2 965.71 2
1575453694.198948 2 966.82 2
1575453694.398966 2 967.81 2
1575453694.665758 2 966.14 2
1575453694.865655 2 962.63 2
1575453695.132476 2 959.85 2
1575453695.465582 2 958.69 2
1575453695.665654 2 962.90 2
1575453695.998909 2 959.57 2
1575453696.265579 2 964.20 2
1575453696.465576 2 965.91 2
1575453696.732363 2 967.02 2
1575453696.998905 2 967.61 2
1575453697.265582 2 966.60 2
1575453697.532452 2 967.61 2
1575453697.732235 2 966.16 2
1575453697.998943 2 966.63 2
1575453698.265699 2 967.23 2
1575453698.53228 2 968.44 2
1575453698.79902 2 964.00 2
1575453698.998943 2 966.22 2
1575453699.332373 2 967.67 2
1575453699.532539 2 965.99 2
1575453699.799038 2 967.31 2
1575453699.998956 2 969.50 2
1575453700.265661 2 968.02 2
1575453700.532276 2 968.04 2
1575453700.865574 2 966.37 2
1575453701.065613 2 963.84 2
1575453701.332242 2 967.76 2
1575453701.59895 2 962.02 2
1575453701.865625 2 964.85 2
1575453702.132294 2 970.05 2
1575453702.398971 2 965.82 2
1575453702.665773 2 968.59 2
1575453702.93223 2 970.67 2
1575453703.198911 2 967.26 2
1575453703.39899 2 972.26 2
1575453703.665624 2 977.52 2
1575453703.998941 2 980.54 2
1575453704.265713 2 985.11 2
1575453704.532253 2 987.78 2
1575453704.799039 2 986.64 2
1575453704.998952 2 984.17 2
1575453705.265705 2 983.79 2
1575453705.532506 2 984.80 2
1575453705.798949 2 992.19 2
1575453706.132232 2 992.90 2
1575453706.332327 2 1004.45 2
1575453706.598908 2 1009.54 2
1575453706.865581 2 1019.91 2
1575453707.132486 2 1026.60 2
1575453707.398935 2 1031.68 2
1575453707.665641 2 1035.55 2
1575453707.998906 2 1040.03 2
1575453708.265581 2 1045.15 2
1575453708.532235 2 1053.18 2
1575453708.798929 2 1063.55 2
1575453709.065734 2 1086.83 2
1575453709.33229 2 1092.53 2
1575453709.665632 2 1101.03 2
1575453709.865608 2 1111.63 2
1575453710.132283 2 1122.13 2
1575453710.398905 2 1137.38 2
1575453710.732576 2 1161.57 2
1575453710.998986 2 1179.12 2
1575453711.332304 2 1196.88 2
1575453711.598911 2 1233.68 2
1575453711.865576 2 1244.81 2
1575453712.198974 2 1259.13 2
1575453712.399038 2 1275.79 2
1575453712.665793 2 1287.89 2
1575453712.932288 2 1303.18 2
1575453713.198943 2 1309.71 2
1575453713.398931 2 1321.50 2
1575453713.732329 2 1313.83 2
1575453713.998922 2 1317.34 2
1575453714.265576 2 1321.31 2
1575453714.53226 2 1315.27 2
1575453714.798951 2 1314.90 2
1575453715.065696 2 1313.68 2
1575453715.398908 2 1309.57 2
1575453715.665575 2 1308.08 2
1575453715.93241 2 1299.13 2
1575453716.198912 2 1292.82 2
1575453716.53223 2 1280.17 2
1575453716.798983 2 1264.42 2
1575453717.132363 2 1256.53 2
1575453717.465573 2 1250.60 2
1575453717.665612 2 1238.07 2
1575453717.932431 2 1222.07 2
1575453718.265564 2 1203.72 2
1575453718.532435 2 1186.45 2
1575453718.865579 2 1166.66 2
1575453719.132392 2 1144.72 2
1575453719.398918 2 1127.38 2
1575453719.665566 2 1111.10 2
1575453719.998962 2 1089.30 2
1575453720.198958 2 1068.55 2
1575453720.465661 2 1051.86 2
1575453720.732493 2 1038.24 2
1575453720.99899 2 1028.96 2
1575453721.332263 2 1024.41 2
1575453721.598922 2 1020.87 2
1575453721.932365 2 1021.92 2
1575453722.198939 2 1021.60 2
1575453722.532241 2 1015.30 2
1575453722.865621 2 1011.92 2
1575453723.198946 2 1011.33 2
1575453723.465623 2 1007.06 2
1575453723.732248 2 1004.75 2
1575453723.932448 2 1004.44 2
1575453724.198932 2 1002.58 2
1575453724.399175 2 997.10 2
1575453724.732355 2 982.63 2
1575453724.998909 2 982.60 2
1575453725.265682 2 974.27 2
1575453725.532607 2 964.55 2
1575453725.798958 2 957.37 2
1575453726.065576 2 958.81 2
1575453726.265653 2 957.72 2
1575453726.598908 2 960.01 2
1575453726.865587 2 967.99 2
1575453727.13236 2 968.20 2
1575453727.332242 2 969.82 2
1575453727.598891 2 971.97 2
1575453727.932599 2 963.82 2
1575453728.198991 2 958.73 2
1575453728.465585 2 960.60 2
1575453728.665615 2 961.85 2
1575453728.932244 2 954.20 2
1575453729.1989 2 954.19 2
1575453729.532483 2 952.15 2
1575453729.732263 2 954.74 2
1575453730.065724 2 957.81 2
1575453730.398908 2 967.68 2
1575453730.665627 2 964.99 2
1575453730.998975 2 967.70 2
1575453731.265785 2 961.06 2
1575453731.532689 2 960.78 2
1575453731.79891 2 955.65 2
1575453732.065578 2 960.26 2
1575453732.265573 2 960.84 2
1575453732.532249 2 964.49 2
1575453732.932302 2 960.79 2
1575453733.198938 2 963.50 2
1575453733.532534 2 968.36 2
1575453733.798908 2 965.20 2
1575453734.065596 2 969.03 2
1575453734.332563 2 975.37 2
1575453734.599033 2 968.82 2
1575453734.865836 2 971.15 2
1575453735.132383 2 968.84 2
1575453735.39891 2 963.75 2
1575453735.665625 2 956.34 2
1575453735.998966 2 956.63 2
1575453736.265762 2 958.87 2
1575453736.53236 2 961.53 2
1575453736.79899 2 965.46 2
1575453737.065589 2 969.38 2
1575453737.332241 2 966.89 2
1575453737.532373 2 966.22 2
1575453737.79892 2 967.80 2
1575453738.065575 2 967.48 2
1575453738.33234 2 967.08 2
1575453738.598921 2 970.23 2
1575453738.932414 2 966.67 2
1575453739.198951 2 959.91 2
1575453739.532348 2 952.53 2
1575453739.798903 2 943.85 2
1575453740.065645 2 941.10 2
1575453740.398911 2 950.41 2
1575453740.732361 2 960.43 2
1575453740.932238 2 964.97 2
1575453741.198971 2 963.65 2
1575453741.532506 2 958.41 2
1575453741.865577 2 958.50 2
1575453742.132286 2 956.61 2
1575453742.398903 2 955.07 2
1575453742.665619 2 949.96 2
1575453742.93227 2 947.71 2
1575453743.132465 2 949.10 2
1575453743.398912 2 953.37 2
1575453743.665601 2 964.12 2
1575453743.932608 2 967.98 2
1575453744.199065 2 968.78 2
1575453744.465731 2 969.36 2
1575453744.798995 2 959.40 2
1575453745.13261 2 954.36 2
1575453745.399014 2 953.05 2
1575453745.732241 2 960.72 2
1575453745.932567 2 962.47 2
1575453746.265623 2 958.85 2
1575453746.465621 2 954.27 2
1575453746.798957 2 963.00 2
1575453746.998901 2 977.61 2
1575453747.33241 2 978.60 2
1575453747.598956 2 975.81 2
1575453747.799013 2 968.11 2
1575453748.132237 2 955.39 2
1575453748.465574 2 942.66 2
1575453748.732362 2 935.26 2
1575453748.932241 2 947.17 2
1575453749.198908 2 959.75 2
1575453749.465616 2 960.67 2
1575453749.798961 2 958.98 2
1575453750.065776 2 956.16 2
1575453750.332849 2 956.08 2
1575453750.598909 2 957.61 2
1575453750.865576 2 956.91 2
1575453751.132371 2 956.02 2
1575453751.465662 2 959.30 2
1575453751.665642 2 960.32 2
1575453751.932488 2 962.97 2
1575453752.199023 2 964.84 2
1575453752.532256 2 958.96 2
1575453752.798887 2 954.33 2
1575453753.065578 2 952.49 2
1575453753.398915 2 954.64 2
1575453753.665622 2 956.59 2
1575453753.998908 2 956.27 2
1575453754.198969 2 955.55 2
1575453754.465615 2 951.35 2
1575453754.798905 2 955.47 2
1575453754.998953 2 957.93 2
1575453755.332237 2 965.78 2
1575453755.598956 2 980.29 2
1575453755.93244 2 992.57 2
1575453756.265575 2 1002.65 2
1575453756.532306 2 1015.74 2
1575453756.798959 2 1023.23 2
1575453757.065652 2 1030.20 2
1575453757.332344 2 1038.56 2
1575453757.598963 2 1048.22 2
1575453757.865746 2 1064.00 2
1575453758.132446 2 1074.61 2
1575453758.398901 2 1087.10 2
1575453758.665575 2 1103.33 2
1575453758.932241 2 1117.70 2
1575453759.13266 2 1129.06 2
1575453759.465624 2 1132.21 2
1575453759.732242 2 1136.56 2
1575453759.932346 2 1144.90 2
1575453760.132244 2 1154.59 2
1575453760.332542 2 1159.00 2
1575453760.532401 2 1163.50 2
1575453760.732487 2 1168.34 2
1575453760.932242 2 1174.65 2
1575453761.132573 2 1188.73 2
1575453761.398911 2 1204.49 2
1575453761.599116 2 1223.90 2
1575453761.732337 2 1234.27 2
1575453761.932511 2 1241.33 2
1575453762.132244 2 1247.60 2
1575453762.265644 2 1252.78 2
1575453762.532307 2 1254.47 2
1575453762.732371 2 1251.18 2
1575453762.932228 2 1238.57 2
1575453763.065675 2 1226.57 2
1575453763.265805 2 1213.94 2
1575453763.465562 2 1203.37 2
1575453763.732304 2 1204.71 2
1575453763.932373 2 1224.86 2
1575453764.132287 2 1256.76 2
1575453764.398889 2 1315.72 2
1575453764.665628 2 1111.52 2
1575453764.932441 2 1032.75 2
1575453765.198993 2 992.87 2
1575453765.465805 2 969.05 2
1575453765.732291 2 957.37 2
1575453765.998903 2 948.30 2
1575453766.332495 2 938.73 2
1575453766.59892 2 856.22 2
1575453766.932243 2 827.84 2
1575453767.198908 2 816.84 2
1575453767.532411 2 812.35 2
1575453767.798973 2 812.57 2
1575453768.065735 2 814.55 2
1575453768.332449 2 821.79 2
1575453768.598891 2 830.87 2
1575453768.865576 2 838.45 2
1575453769.132335 2 848.75 2
1575453769.332243 2 862.83 2
1575453769.598905 2 882.18 2
1575453769.865609 2 903.38 2
1575453770.199033 2 932.64 2
1575453770.465645 2 952.74 2
1575453770.732366 2 963.22 2
1575453770.932297 2 971.98 2
1575453771.198903 2 978.57 2
1575453771.398897 2 979.24 2
1575453771.665578 2 977.57 2
1575453771.932392 2 979.56 2
1575453772.198935 2 984.37 2
1575453772.465586 2 993.51 2
1575453772.798911 2 997.85 2
1575453773.065599 2 995.37 2
1575453773.332269 2 990.99 2
1575453773.599231 2 985.60 2
1575453773.865789 2 983.76 2
1575453774.198894 2 981.34 2
1575453774.46561 2 980.12 2
1575453774.798987 2 980.67 2
1575453775.065618 2 980.86 2
1575453775.332238 2 980.14 2
1575453775.665643 2 979.99 2
1575453775.932374 2 977.34 2
1575453776.198888 2 974.05 2
1575453776.398912 2 982.00 2
1575453776.665647 2 984.56 2
1575453776.865626 2 981.22 2
1575453777.132383 2 974.72 2
1575453777.399026 2 971.54 2
1575453777.665678 2 970.16 2
1575453777.932391 2 963.10 2
1575453778.265602 2 956.56 2
1575453778.532229 2 951.33 2
1575453778.798909 2 943.26 2
1575453779.132714 2 955.40 2
1575453779.399022 2 966.29 2
1575453779.665577 2 982.07 2
1575453779.865827 2 996.42 2
1575453780.198915 2 1001.41 2
1575453780.398918 2 999.83 2
1575453780.732447 2 992.70 2
1575453780.999003 2 980.27 2
1575453781.265675 2 970.86 2
1575453781.598939 2 960.54 2
1575453781.865577 2 958.03 2
1575453782.132286 2 956.04 2
1575453782.398922 2 957.13 2
1575453782.732626 2 957.34 2
1575453782.999017 2 958.18 2
1575453783.265658 2 965.17 2
1575453783.53238 2 970.03 2
1575453783.798964 2 971.91 2
1575453784.132259 2 972.73 2
1575453784.33238 2 976.35 2
1575453784.598911 2 974.30 2
1575453784.932287 2 967.27 2
1575453785.198957 2 963.35 2
1575453785.465663 2 962.96 2
1575453785.732288 2 965.48 2
1575453785.998905 2 967.27 2
1575453786.199171 2 971.49 2
1575453786.465625 2 975.24 2
1575453786.732373 2 974.81 2
1575453787.065657 2 972.53 2
1575453787.332238 2 969.12 2
1575453787.532399 2 967.78 2
1575453787.732287 2 968.12 2
1575453787.998978 2 966.60 2
1575453788.265629 2 969.84 2
1575453788.465624 2 970.64 2
1575453788.798913 2 968.64 2
1575453789.065631 2 968.07 2
1575453789.398929 2 967.54 2
1575453789.732236 2 969.55 2
1575453789.93243 2 969.99 2
1575453790.198906 2 970.50 2
1575453790.465569 2 968.85 2
1575453790.798966 2 967.30 2
1575453791.065631 2 965.07 2
1575453791.332264 2 962.90 2
1575453791.598915 2 965.66 2
1575453791.798912 2 972.84 2
1575453792.132242 2 978.14 2
1575453792.332415 2 977.01 2
1575453792.598908 2 973.83 2
1575453792.865575 2 967.94 2
1575453793.132421 2 963.73 2
1575453793.398951 2 961.19 2
1575453793.732315 2 966.62 2
1575453793.999008 2 969.29 2
1575453794.332401 2 972.66 2
1575453794.598967 2 966.79 2
1575453794.932376 2 962.74 2
1575453795.132626 2 963.84 2
1575453795.465735 2 965.00 2
1575453795.732249 2 966.65 2
1575453795.99892 2 965.50 2
1575453796.265579 2 966.64 2
1575453796.465571 2 964.82 2
1575453796.798907 2 964.08 2
1575453797.132905 2 963.72 2
1575453797.332384 2 969.19 2
1575453797.66558 2 979.44 2
1575453797.932376 2 991.78 2
1575453798.198962 2 991.18 2
1575453798.465574 2 987.15 2
1575453798.732358 2 983.04 2
1575453798.932323 2 978.00 2
1575453799.265574 2 972.74 2
1575453799.598971 2 972.37 2
1575453799.865651 2 970.45 2
1575453800.19891 2 969.30 2
1575453800.465659 2 966.40 2
1575453800.732394 2 967.57 2
1575453801.065624 2 972.57 2
1575453801.332242 2 978.11 2
1575453801.532413 2 979.52 2
1575453801.798995 2 980.35 2
1575453802.065712 2 970.31 2
1575453802.332629 2 962.29 2
1575453802.598913 2 961.34 2
1575453802.865578 2 965.81 2
1575453803.198905 2 968.77 2
1575453803.39892 2 970.48 2
1575453803.732401 2 965.76 2
1575453803.999014 2 965.55 2
1575453804.265633 2 964.38 2
1575453804.53226 2 962.91 2
1575453804.865576 2 963.70 2
1575453805.132427 2 969.04 2
1575453805.398954 2 972.41 2
1575453805.665622 2 971.29 2
1575453805.999193 2 965.05 2
1575453806.332421 2 971.69 2
1575453806.532247 2 977.84 2
1575453806.865616 2 978.08 2
1575453807.132353 2 972.19 2
1575453807.398903 2 970.70 2
1575453807.732265 2 965.37 2
1575453807.932389 2 957.94 2
1575453808.19893 2 958.50 2
1575453808.465609 2 962.18 2
1575453808.798921 2 961.47 2
1575453809.065578 2 959.30 2
1575453809.398922 2 969.59 2
1575453809.665617 2 978.52 2
1575453809.932695 2 984.58 2
1575453810.265573 2 980.57 2
1575453810.465712 2 975.77 2
1575453810.732399 2 968.06 2
1575453810.932372 2 959.27 2
1575453811.198985 2 958.45 2
1575453811.532473 2 956.60 2
1575453811.865648 2 959.93 2
1575453812.065573 2 968.77 2
1575453812.398979 2 975.95 2
1575453812.598963 2 781.88 2
1575453812.865642 2 915.67 2
1575453813.132505 2 956.86 2
