1575453820.653736 0 3 21.9 0 1 5.25
1575453820.85386 0 3 18.1 0 0 0
1575453820.987087 0 3 22.6 0 0 4
1575453821.120535 0 3 26.3 0 0 6.5
1575453821.253802 0 3 28.8 0 0 8.25
1575453821.32041 0 3 31.6 0 0 0
1575453821.453724 0 3 31.7 0 1 2
1575453821.587086 0 3 31.1 0 1 2.25
1575453821.720385 0 3 26.8 0 1 7.5
1575453821.853726 0 3 26.2 0 1 8.5
1575453821.920555 0 3 27.9 0 0 0
1575453822.053742 0 3 33 0 0 2.5
1575453822.187084 0 3 39.1 0 0 7.5
1575453822.320548 0 3 41.7 0 0 8.5
1575453822.453758 1 3 39.3 0 0 0
1575453822.52049 1 3 34.9 0 1 2.5
1575453822.653721 1 3 24.6 0 1 4.75
1575453822.787084 1 3 21.1 0 1 6
1575453822.920467 1 3 19.1 0 1 7.25
1575453823.053722 1 3 15.5 0 1 8.75
1575453823.120507 1 3 15.3 0 0 0
1575453823.253776 1 3 15.1 0 0 0
1575453823.387135 1 3 18.4 0 0 3.75
1575453823.520505 1 3 18.6 0 0 5.75
1575453823.653758 1 3 19.5 0 0 7.25
1575453823.720521 1 3 20.2 0 0 6.5
1575453823.853738 1 3 22.9 0 0 0
1575453823.98709 0 3 21.5 0 0 0
1575453824.120406 0 3 16.7 0 1 5
1575453824.253728 0 3 9.8 0 1 7.75
1575453824.320564 1 3 8.7 0 1 9.5
1575453824.453767 1 3 8.9 0 0 0
1575453824.587193 1 3 7.4 0 0 1.5
1575453824.72052 1 3 1.8 0 0 1.5
1575453824.853807 1 3 1.9 1 0 2.25
1575453824.920431 0 3 3.2 1 0 2.25
1575453825.053711 0 3 11.4 1 1 3.5
1575453825.187172 0 3 13 1 1 1
1575453825.320432 0 3 20.9 1 1 4.75
1575453825.453731 1 3 24.9 1 1 2.25
1575453825.520498 1 3 26 1 1 1
1575453825.653726 1 3 34.1 1 1 5
1575453825.787246 1 3 42 1 1 4.75
1575453825.920486 1 3 51.4 1 1 5.25
1575453826.053801 1 3 61.1 1 1 5.25
1575453826.120428 1 3 63.9 1 1 1.25
1575453826.25378 1 3 72.4 1 1 5.25
1575453826.387176 1 3 76.1 1 1 2.25
1575453826.520432 1 3 83 1 1 4
1575453826.653725 1 3 83.8 1 1 0.25
1575453826.720588 1 3 83.9 1 0 0
1575453826.853726 1 3 92 1 1 5.25
1575453826.987104 1 3 95.8 1 1 2.25
1575453827.120495 1 3 97.1 1 1 0.75
1575453827.253738 1 3 104.8 1 1 4.75
1575453827.320497 1 3 113.9 1 1 5
1575453827.453709 1 3 122.7 1 1 5
1575453827.587369 1 3 131.4 1 1 4.5
1575453827.720375 0 3 137.2 1 1 3.25
1575453827.853728 0 3 138.3 1 1 0.75
1575453827.920604 0 3 138.5 1 1 0.25
1575453828.053809 0 3 146.4 1 1 4.75
1575453828.187075 0 3 153.1 1 1 3.75
1575453828.320644 0 3 154.9 1 1 0.75
1575453828.453758 0 3 163.4 1 1 5
1575453828.520447 0 3 167.1 1 1 2.25
1575453828.653723 0 3 174.2 1 1 4.5
1575453828.78711 0 3 175.3 1 1 0.75
1575453828.920399 0 3 175.5 1 1 0.25
1575453829.053723 0 3 184 1 1 5.25
1575453829.120532 0 3 191.4 1 1 4
1575453829.253793 0 3 200.8 1 1 5.75
1575453829.387096 0 3 209.6 1 1 4.75
1575453829.520496 0 3 212 1 1 1.25
1575453829.653765 0 3 218.2 1 1 3.75
1575453829.720457 0 3 218.5 1 1 1
1575453829.853723 0 3 218.4 1 0 0
1575453829.987133 0 3 225.5 1 1 4
1575453830.120388 0 3 228.3 1 1 1.25
1575453830.253732 0 3 236.6 1 1 5.25
1575453830.320501 0 3 243.7 1 1 3.75
1575453830.453776 0 3 253.6 1 1 6
1575453830.587082 0 3 258.1 1 1 2.25
1575453830.720523 0 3 259.1 1 1 0.75
1575453830.853734 0 3 267.5 1 1 5.25
1575453830.920437 0 3 272 1 1 2.5
1575453831.053729 0 3 281.3 1 1 5.25
1575453831.187061 0 3 287.2 1 1 3.25
1575453831.320397 0 3 289.1 1 1 1
1575453831.453724 0 3 297.6 1 1 5.25
1575453831.520477 0 3 300.5 1 1 2
1575453831.65387 0 3 301.9 1 0 0
1575453831.920501 0 3 302.3 1 0 0
1575453832.053792 0 3 305.5 1 1 2.25
1575453832.120478 0 3 305.9 1 0 0
1575453832.25372 0 3 300.6 1 0 3.25
1575453832.387169 0 3 298.8 1 0 0
1575453832.520393 0 3 304.2 1 1 3.25
1575453832.653726 0 3 306 1 0 0
1575453832.7205 0 3 307 1 0 0
1575453832.853733 0 3 312.2 1 0 0
1575453832.987084 0 3 312.1 1 0 1
1575453833.120791 0 3 313.6 1 0 0
1575453833.253767 0 3 314 1 0 0
1575453833.320452 0 3 314.2 1 0 0
1575453833.453722 0 3 318.9 1 0 0
1575453833.587123 0 3 319.5 1 0 0
1575453833.720386 0 3 319.8 1 0 0
1575453833.853738 0 3 321.8 1 1 1
1575453833.920641 0 3 321.6 1 0 0
1575453834.053745 0 3 321.7 1 0 0
1575453834.187144 0 3 321.7 1 0 0
1575453834.320629 0 3 321.7 1 0 0
1575453834.453768 0 3 321.7 1 0 0
1575453834.520488 0 3 321.7 1 0 0
1575453834.653722 0 3 317.3 1 0 2.5
1575453834.787102 0 3 316.1 1 1 0.25
1575453834.920367 0 3 315.1 1 1 0.25
1575453835.120491 0 3 304.1 1 0 0
1575453835.253829 0 3 295.3 1 0 5.25
1575453835.38711 0 3 285.4 1 0 5.75
1575453835.520838 0 3 275.5 1 0 5.75
1575453835.65372 0 3 271.3 1 0 2.5
1575453835.720427 0 3 262.4 1 0 5.75
1575453835.853721 0 3 256.6 1 0 3.25
1575453835.987177 0 3 254.8 1 0 0
1575453836.120373 0 3 246.3 1 0 5
1575453836.253806 0 3 242.5 1 0 2.25
1575453836.320508 0 3 234.7 1 0 5
1575453836.453814 0 3 224.3 1 0 6
1575453836.587084 0 3 213.9 1 0 5.75
1575453836.720772 0 3 203.6 1 0 5.75
1575453836.853748 0 3 194.3 1 0 4.75
1575453836.920409 0 3 185.3 1 0 5.75
1575453837.053766 0 3 174.9 1 0 5.75
1575453837.187207 0 3 164 1 0 5.75
1575453837.32039 0 3 152.9 1 0 6
1575453837.453717 0 3 141.8 1 0 6
1575453837.520509 0 3 130.8 1 0 6
1575453837.653824 0 3 119.8 1 0 6
1575453837.787089 0 3 108.9 1 0 6
1575453837.920662 0 3 97.9 1 0 6
1575453838.053721 0 3 86.9 1 0 6
1575453838.120385 0 3 75.7 1 0 6
1575453838.253738 0 3 64.4 1 0 6
1575453838.387081 0 3 53.1 1 0 5.75
1575453838.52039 0 3 42.1 1 0 5.75
1575453838.653836 0 3 31.2 1 0 5.75
1575453838.720634 0 3 20.3 1 0 5.75
1575453838.853724 0 3 9.2 1 0 5.75
1575453838.987104 0 3 1.7 0 0 6.25
1575453839.12059 0 3 12.7 0 0 5.75
1575453839.253719 0 3 23.7 0 0 6
1575453839.320386 0 3 34.8 0 0 5.75
1575453839.587086 0 3 54 0 0 4
1575453839.720389 0 3 58.9 0 0 2.75
1575453839.853753 0 3 59.1 0 0 0.25
1575453839.920625 0 3 59.3 0 0 0
1575453840.053721 0 3 60.1 0 0 0.75
1575453840.187143 0 3 60.2 0 0 0
1575453840.320638 0 3 59.1 0 1 0.25
1575453840.453728 0 3 58.2 0 1 0.25
1575453840.520387 0 3 58.2 0 0 0
1575453840.653811 0 3 62.5 0 0 2.25
1575453840.787071 0 3 63.3 0 0 0
1575453841.12071 0 3 58.7 0 0 0
1575453841.25373 0 3 51.6 0 1 4.5
1575453841.387175 0 3 50.2 0 1 2
1575453841.520501 0 3 43.1 0 1 5
1575453841.653743 0 3 40.4 0 1 2.5
1575453841.720385 0 3 35.9 0 1 3.5
1575453841.853966 0 3 34.1 0 0 0
1575453841.987094 0 3 32.7 0 0 0
1575453842.120381 0 3 33.1 0 0 0
1575453842.253775 0 3 32.3 0 0 0
1575453842.320761 0 3 32.2 0 0 0.75
1575453842.453717 0 3 31.6 0 0 0
1575453842.587074 0 3 31.7 0 0 0
1575453842.720594 0 3 33.4 0 0 0
1575453842.853739 0 3 34 0 0 0
1575453842.920402 0 3 33.7 0 1 1
1575453843.053743 0 3 34.2 0 1 0.75
1575453843.187095 0 3 35.2 0 1 0.25
1575453843.320397 0 3 42.7 0 0 4.75
1575453843.453748 0 3 51 0 0 4.75
1575453843.520522 0 3 53.1 0 0 1.25
1575453843.65371 0 3 53.6 0 0 0.25
1575453843.787081 0 3 53.5 0 0 0
1575453843.92052 0 3 48.3 0 1 3.25
1575453844.053725 0 3 47.4 0 1 1.5
1575453844.120392 0 3 40.9 0 1 4.5
1575453844.25374 0 3 38.9 0 1 2.75
1575453844.387083 0 3 38.9 0 1 2.5
1575453844.520392 0 3 33.2 0 1 5.75
1575453844.653779 0 3 31.3 0 0 0
1575453844.787089 0 3 32.4 0 0 0
1575453844.85378 0 3 32.8 0 0 0.75
1575453844.987063 0 3 33.9 0 0 0.75
1575453845.120629 0 3 34.4 0 0 1
1575453845.25372 0 3 34.3 0 0 1.25
1575453845.320386 0 3 35.5 0 0 3.25
1575453845.453892 0 3 37.1 0 0 5
1575453845.587123 0 3 37 0 0 5.25
1575453845.720375 0 3 39.1 0 0 7.75
1575453845.853753 0 3 39.5 0 0 8.5
1575453845.920508 0 3 34.1 0 1 2.5
1575453846.053774 0 3 28 0 1 5.25
1575453846.187084 0 3 30.1 0 1 5.75
1575453846.320466 0 3 31.1 0 1 6.5
1575453846.453724 0 3 32.7 0 0 0
1575453846.520393 0 3 38.2 0 0 2.5
1575453846.653942 0 3 44.1 0 0 7.5
1575453846.787058 0 3 47.2 0 0 9
1575453846.920386 0 3 45.6 0 0 0
1575453847.053715 0 3 39.4 0 1 2.75
1575453847.120512 0 3 31.1 0 1 8.25
1575453847.253778 0 3 29.4 0 1 9.75
1575453847.38713 0 3 32 0 0 2
1575453847.520552 0 3 36.7 0 0 5
1575453847.653743 0 3 39.4 0 0 7
1575453847.853748 0 3 38.1 0 0 0
1575453847.987111 0 3 33.1 0 1 5
1575453848.120425 0 3 28 0 1 7.75
1575453848.25373 0 3 26.1 0 1 9.75
1575453848.320806 0 3 30.8 0 0 2.5
1575453848.453724 0 3 44.2 0 0 6.5
1575453848.587124 0 3 49.9 0 0 5.75
1575453848.720482 0 3 51.2 0 0 4.5
1575453848.853796 0 3 49.9 0 0 4
1575453848.920402 0 3 49.6 0 0 4.5
1575453849.053736 0 3 49.1 0 0 0
1575453849.187128 0 3 40.6 0 1 2.5
1575453849.320467 0 3 37.8 0 1 1.5
1575453849.453727 0 3 28.7 0 1 4.75
1575453849.520628 0 3 25.4 0 1 3.75
1575453849.653728 0 3 19.3 0 1 6
1575453849.787086 0 3 17.7 0 1 5.75
1575453849.920495 0 3 17.8 0 0 0
1575453850.053789 0 3 18.7 0 0 0
1575453850.120425 0 3 19.9 0 0 1
1575453850.253721 0 3 30.6 0 0 4
1575453850.38707 0 3 34.4 0 0 2
1575453850.520466 0 3 35.4 0 0 2
1575453850.653724 0 3 39.8 0 0 3.5
1575453850.720516 0 3 41.3 0 0 4.5
1575453850.853726 0 3 43.7 0 0 5.75
1575453850.98714 0 3 44.5 0 0 5.75
1575453851.120497 0 3 33.8 0 0 0
1575453851.25378 0 3 29 0 0 0
1575453851.320392 0 3 23.4 0 1 1.5
1575453851.453729 0 3 22.4 0 1 0.75
1575453851.587103 0 3 22.9 0 0 0
1575453851.720472 0 3 21.8 0 1 0.75
1575453851.85373 0 3 22 0 0 0
1575453851.920511 0 3 22.7 0 0 0.25
1575453852.053715 0 3 22.7 0 0 0
1575453852.187081 0 3 22.7 0 0 0
1575453852.320601 0 3 16.4 0 1 3.75
1575453852.453725 0 3 15.1 0 0 0
1575453852.520407 0 3 15.1 0 0 0.25
1575453852.653733 0 3 7.4 0 1 4.75
1575453852.78709 0 3 4.2 0 1 2
1575453852.920384 0 3 2 0 0 0
1575453853.053742 0 3 2.1 0 0 0
1575453853.120482 0 3 7.9 0 0 2.75
1575453853.253761 0 3 9.8 0 0 2
1575453853.387065 0 3 9.5 0 0 0.75
1575453853.520479 0 3 16.8 0 0 4.5
1575453853.653778 0 3 18.5 0 0 2.5
1575453853.720392 0 3 24.2 0 0 5
1575453853.853725 0 3 25.3 0 0 1.25
1575453853.987107 0 3 24.9 0 0 0
1575453854.120387 0 3 32.1 0 0 4.5
1575453854.253725 1 3 33.8 0 0 2.25
1575453854.32049 1 3 29.9 0 0 0
1575453854.453845 1 3 28.6 0 0 0
1575453854.587074 1 3 27.8 0 1 0.25
1575453854.720625 1 3 26.2 0 1 1
1575453854.853761 1 3 26.2 0 0 0
1575453854.9205 1 3 26.2 0 0 0
1575453855.053733 1 3 26.1 0 0 0
1575453855.187101 1 3 26 0 0 0
1575453855.320385 1 3 26 0 0 0
1575453855.453802 1 3 26 0 0 0
1575453855.520515 1 3 22.4 0 1 2.5
1575453855.653773 1 3 21.4 0 0 0
1575453855.787086 1 3 21.8 0 1 0.25
1575453855.920577 1 3 14.2 0 1 4.75
1575453856.053724 1 3 10.1 0 1 2.25
1575453856.120427 1 3 1.6 0 1 5.25
1575453856.25373 1 3 2 1 1 2.5
1575453856.387138 1 3 2 1 0 0
1575453856.520403 1 3 10.4 1 1 5
1575453856.653712 1 3 17.7 1 1 4
1575453856.720504 1 3 26 1 1 5.25
1575453856.853772 1 3 36 1 1 5.75
1575453856.987115 1 3 46.8 1 1 5.75
1575453857.120704 1 3 58 1 1 6
1575453857.25372 1 3 68.8 1 1 5.75
1575453857.320478 1 3 77.7 1 1 5.25
1575453857.45373 1 3 88.2 1 1 5.75
1575453857.587161 1 3 99.1 1 1 5.75
1575453857.720387 1 3 110 1 1 5.75
1575453857.853754 0 3 120.9 1 1 5.75
1575453857.920641 0 3 131.7 1 1 5.75
1575453858.053848 0 3 142.7 1 1 5.75
1575453858.187074 0 3 153.8 1 1 5.75
1575453858.453722 0 3 176.5 1 1 6
1575453858.520385 0 3 187.6 1 1 6
1575453858.653886 0 3 198.8 1 1 6
1575453858.920377 1 3 221.9 1 1 6
1575453859.053799 1 3 233.4 1 1 6
1575453859.121101 1 3 244.3 1 1 5.75
1575453859.253721 1 3 255.1 1 1 5.75
1575453859.3871 1 3 261.9 1 1 3.25
1575453859.52048 1 3 263.3 1 1 0.75
1575453859.653726 1 3 272 1 1 5.25
1575453859.720431 1 3 274.2 1 0 0
1575453859.853811 1 3 275.8 1 0 0
1575453859.987072 1 3 275.9 1 0 0
1575453860.120421 1 3 276 1 0 0
1575453860.25371 1 3 272.7 1 0 2
1575453860.320733 1 3 271.5 1 0 0
1575453860.453718 0 3 265.8 1 0 0
1575453860.587177 0 3 266.8 1 1 1.5
1575453860.720499 0 3 266.5 1 1 2.25
1575453860.85381 0 3 261.2 1 0 1.25
1575453860.920385 0 3 260.4 1 0 1
1575453861.05374 0 3 260.9 1 0 0
1575453861.187089 0 3 261.4 1 0 0
1575453861.653782 0 3 261.5 1 0 0
1575453861.787091 0 3 254.8 1 0 4
1575453861.920526 0 3 249.8 1 0 2.75
1575453862.053748 0 3 247.9 1 0 1
1575453862.120383 0 3 240.1 1 0 4.75
1575453862.253772 0 3 230.5 1 0 5.25
1575453862.387118 0 3 219.6 1 0 5.75
1575453862.520436 0 3 209.6 1 0 5
1575453862.653733 0 3 200.1 1 0 5.75
1575453862.853727 0 3 190.7 1 0 1.25
1575453862.987121 0 3 182.6 1 0 5
1575453863.120499 0 3 177.9 1 0 2.75
1575453863.253719 0 3 169.1 1 0 5.25
1575453863.320461 0 3 161.2 1 0 4.5
1575453863.453722 0 3 152.2 1 0 5.75
1575453863.587124 0 3 143.6 1 0 4.75
1575453863.853725 0 3 125.7 1 0 4.75
1575453863.920584 0 3 123.3 1 0 1.5
1575453864.053725 0 3 114.7 1 0 5.25
1575453864.187188 0 3 106.4 1 0 5
1575453864.320497 0 3 97.1 1 0 5.25
1575453864.45378 0 3 86.8 1 0 5.75
1575453864.520402 0 3 80.3 1 0 2.75
1575453864.653727 0 3 70.9 1 0 5.75
1575453864.787072 0 3 60.7 1 0 5.75
1575453864.92047 0 3 49.4 1 0 6
1575453865.053723 0 3 38.7 1 0 5.75
1575453865.120522 0 3 29.1 1 0 5.25
1575453865.253726 0 3 25.6 1 0 1.25
1575453865.387078 0 3 25.5 1 0 0
1575453865.520496 0 3 17.9 1 0 4.75
1575453865.65382 0 3 12.5 1 0 2.75
1575453865.720388 0 3 3.5 1 0 5.25
1575453865.853816 0 3 0.6 0 0 2.25
1575453865.987082 0 3 0.3 0 0 0
1575453866.120433 0 3 0.2 0 0 0
1575453866.253725 0 3 0.2 0 0 0
1575453866.320667 0 3 7.9 0 0 4.75
1575453866.453752 0 3 11.4 0 0 1.25
1575453866.587133 0 3 12.2 0 0 0
1575453866.720542 0 3 16.9 0 0 2.75
1575453866.85384 0 3 17.8 0 0 1
1575453866.920439 0 3 17.4 0 0 0
1575453867.053757 0 3 19 0 0 1.25
1575453867.320447 0 3 18.8 0 0 0
1575453867.453732 0 3 25.9 0 0 4
1575453867.520626 0 3 27.7 0 0 2.25
1575453867.653728 0 3 34.9 0 0 5.75
1575453867.787253 0 3 38.4 0 0 3.5
1575453867.920499 0 3 45.2 0 0 5.75
1575453868.053774 0 3 51.3 0 0 3.75
1575453868.120391 0 3 52.5 0 0 0
1575453868.2538 0 3 59.1 0 0 4
1575453868.387143 0 3 60.6 0 0 0
1575453868.520516 0 3 58.1 0 1 0.25
1575453868.720991 0 3 57.3 0 0 0.25
1575453868.853728 0 3 53.6 0 1 2
1575453868.987183 0 3 52.8 0 1 0.75
1575453869.120496 0 3 53 0 0 0
1575453869.253739 0 3 55 0 0 1.25
1575453869.32046 0 3 55.5 0 0 0
1575453869.45374 0 3 56 0 0 0
1575453869.587104 0 3 55.9 0 0 0
1575453869.720423 0 3 56 0 0 0
1575453869.853722 0 3 54.2 0 1 1
1575453869.920578 0 3 54.3 0 0 0
1575453870.053729 0 3 59.5 0 0 3.25
1575453870.187144 0 3 60.5 0 0 1.5
1575453870.320497 0 3 60.4 0 0 0
1575453870.453833 0 3 61 0 0 0.75
1575453870.520391 0 3 60.9 0 0 0
