1575453363.228038 2 980.25 2
1575453363.494676 2 980.25 2
1575453363.694578 2 980.25 2
1575453363.894601 2 980.25 2
1575453364.094749 2 980.25 2
1575453364.361192 2 980.41 2
1575453364.627877 2 980.46 2
1575453364.894555 2 980.48 2
1575453365.094611 2 980.48 2
1575453365.361298 2 980.48 2
1575453365.62797 2 980.48 2
1575453365.894584 2 980.48 2
1575453366.161206 2 980.48 2
1575453366.428144 2 980.48 2
1575453366.761201 2 980.65 2
1575453366.961206 2 980.70 2
1575453367.161205 2 980.71 2
1575453367.361206 2 980.72 2
1575453367.627965 2 980.72 2
1575453367.961289 2 980.72 2
1575453368.227906 2 980.72 2
1575453368.428309 2 980.72 2
1575453368.761204 2 980.72 2
1575453368.961199 2 980.88 2
1575453369.161246 2 980.93 2
1575453369.427882 2 980.95 2
1575453369.628697 2 980.95 2
1575453369.894536 2 980.80 2
1575453370.227909 2 980.73 2
1575453370.494597 2 981.37 2
1575453370.761254 2 981.95 2
1575453370.961318 2 981.41 2
1575453371.227991 2 979.08 2
1575453371.494533 2 973.86 2
1575453371.694544 2 972.89 2
1575453371.961205 2 971.40 2
1575453372.161211 2 973.80 2
1575453372.361428 2 974.63 2
1575453372.627919 2 969.58 2
1575453372.894538 2 970.88 2
1575453373.094587 2 974.95 2
1575453373.361203 2 976.64 2
1575453373.627972 2 976.53 2
1575453373.827904 2 974.53 2
1575453374.094579 2 974.93 2
1575453374.294581 2 981.67 2
1575453374.627869 2 980.05 2
1575453374.961217 2 973.05 2
1575453375.294652 2 964.93 2
1575453375.561216 2 963.45 2
1575453375.894531 2 956.19 2
1575453376.161203 2 961.36 2
1575453376.427966 2 963.38 2
1575453376.694561 2 963.51 2
1575453376.894529 2 965.23 2
1575453377.161198 2 964.45 2
1575453377.361196 2 970.78 2
1575453377.627974 2 972.65 2
1575453377.827908 2 974.87 2
1575453378.161253 2 976.00 2
1575453378.427967 2 973.05 2
1575453378.694542 2 972.63 2
1575453379.027894 2 972.23 2
1575453379.228135 2 970.99 2
1575453379.561252 2 970.20 2
1575453379.82792 2 969.27 2
1575453380.028036 2 966.80 2
1575453380.294543 2 966.48 2
1575453380.494531 2 967.23 2
1575453380.694532 2 967.42 2
1575453380.961207 2 967.98 2
1575453381.294537 2 966.29 2
1575453381.561203 2 965.90 2
1575453381.761197 2 965.71 2
1575453382.028014 2 966.82 2
1575453382.228005 2 967.81 2
1575453382.428012 2 966.14 2
1575453382.694595 2 962.63 2
1575453382.961203 2 959.85 2
1575453383.228 2 958.69 2
1575453383.494545 2 962.90 2
1575453383.761244 2 959.57 2
1575453384.028056 2 964.20 2
1575453384.294536 2 965.91 2
1575453384.494612 2 967.02 2
1575453384.761209 2 967.61 2
1575453385.094539 2 966.60 2
1575453385.361199 2 967.61 2
1575453385.561211 2 966.16 2
1575453385.827919 2 966.63 2
1575453386.094531 2 967.23 2
1575453386.36132 2 968.44 2
1575453386.561201 2 964.00 2
1575453386.82799 2 966.22 2
1575453387.094531 2 967.67 2
1575453387.361205 2 965.99 2
1575453387.561196 2 967.31 2
1575453387.827879 2 969.50 2
1575453388.028119 2 968.02 2
1575453388.361292 2 968.04 2
1575453388.627933 2 966.37 2
1575453388.89459 2 963.84 2
1575453389.161238 2 967.76 2
1575453389.427933 2 962.02 2
1575453389.628041 2 964.85 2
1575453389.961208 2 970.05 2
1575453390.227866 2 965.82 2
1575453390.494567 2 968.59 2
1575453390.694528 2 970.67 2
1575453390.961248 2 967.26 2
1575453391.228148 2 972.26 2
1575453391.494646 2 977.52 2
1575453391.761266 2 980.54 2
1575453392.094554 2 985.11 2
1575453392.294604 2 987.78 2
1575453392.561197 2 986.64 2
1575453392.827955 2 984.17 2
1575453393.094533 2 983.79 2
1575453393.361207 2 984.80 2
1575453393.628367 2 992.19 2
1575453393.894639 2 992.90 2
1575453394.161192 2 1004.45 2
1575453394.427968 2 1009.54 2
1575453394.694538 2 1019.91 2
1575453394.961201 2 1026.60 2
1575453395.161367 2 1031.68 2
1575453395.494552 2 1035.55 2
1575453395.761247 2 1040.03 2
1575453396.028017 2 1045.15 2
1575453396.361204 2 1053.18 2
1575453396.627866 2 1063.55 2
1575453396.89456 2 1086.83 2
1575453397.161265 2 1092.53 2
1575453397.427927 2 1101.03 2
1575453397.694596 2 1111.63 2
1575453397.961197 2 1122.13 2
1575453398.227895 2 1137.38 2
1575453398.561251 2 1161.57 2
1575453398.828085 2 1179.12 2
1575453399.161281 2 1196.88 2
1575453399.361251 2 1233.68 2
1575453399.694531 2 1244.81 2
1575453399.961256 2 1259.13 2
1575453400.228069 2 1275.79 2
1575453400.494579 2 1287.89 2
1575453400.761202 2 1303.18 2
1575453401.027868 2 1309.71 2
1575453401.228046 2 1321.50 2
1575453401.561318 2 1313.83 2
1575453401.827888 2 1317.34 2
1575453402.094558 2 1321.31 2
1575453402.361204 2 1315.27 2
1575453402.627983 2 1314.90 2
1575453402.89458 2 1313.68 2
1575453403.161206 2 1309.57 2
1575453403.427856 2 1308.08 2
1575453403.761205 2 1299.13 2
1575453404.028145 2 1292.82 2
1575453404.294596 2 1280.17 2
1575453404.627864 2 1264.42 2
1575453404.961202 2 1256.53 2
1575453405.228004 2 1250.60 2
1575453405.494735 2 1238.07 2
1575453405.761267 2 1222.07 2
1575453406.094543 2 1203.72 2
1575453406.361198 2 1186.45 2
1575453406.62788 2 1166.66 2
1575453406.96124 2 1144.72 2
1575453407.228191 2 1127.38 2
1575453407.494527 2 1111.10 2
1575453407.761252 2 1089.30 2
1575453408.027991 2 1068.55 2
1575453408.294662 2 1051.86 2
1575453408.561212 2 1038.24 2
1575453408.827953 2 1028.96 2
1575453409.094582 2 1024.41 2
1575453409.427865 2 1020.87 2
1575453409.761302 2 1021.92 2
1575453410.027971 2 1021.60 2
1575453410.361202 2 1015.30 2
1575453410.694538 2 1011.92 2
1575453411.027868 2 1011.33 2
1575453411.294525 2 1007.06 2
1575453411.494624 2 1004.75 2
1575453411.761206 2 1004.44 2
1575453412.028131 2 1002.58 2
1575453412.227911 2 997.10 2
1575453412.494517 2 982.63 2
1575453412.761245 2 982.60 2
1575453413.094554 2 974.27 2
1575453413.294585 2 964.55 2
1575453413.561195 2 957.37 2
1575453413.894661 2 958.81 2
1575453414.094528 2 957.72 2
1575453414.427989 2 960.01 2
1575453414.62792 2 967.99 2
1575453414.961204 2 968.20 2
1575453415.161206 2 969.82 2
1575453415.427871 2 971.97 2
1575453415.761201 2 963.82 2
1575453416.028002 2 958.73 2
1575453416.294567 2 960.60 2
1575453416.494572 2 961.85 2
1575453416.761201 2 954.20 2
1575453416.961202 2 954.19 2
1575453417.294528 2 952.15 2
1575453417.561237 2 954.74 2
1575453417.894596 2 957.81 2
1575453418.161203 2 967.68 2
1575453418.494545 2 964.99 2
1575453418.828042 2 967.70 2
1575453419.094603 2 961.06 2
1575453419.361202 2 960.78 2
1575453419.628012 2 955.65 2
1575453419.827865 2 960.26 2
1575453420.094533 2 960.84 2
1575453420.36132 2 964.49 2
1575453420.694571 2 960.79 2
1575453421.027879 2 963.50 2
1575453421.361205 2 968.36 2
1575453421.627954 2 965.20 2
1575453421.894529 2 969.03 2
1575453422.161194 2 975.37 2
1575453422.428333 2 968.82 2
1575453422.694541 2 971.15 2
1575453422.894583 2 968.84 2
1575453423.227998 2 963.75 2
1575453423.494584 2 956.34 2
1575453423.7612 2 956.63 2
1575453424.094588 2 958.87 2
1575453424.361276 2 961.53 2
1575453424.627861 2 965.46 2
1575453424.828198 2 969.38 2
1575453425.094551 2 966.89 2
1575453425.361221 2 966.22 2
1575453425.628079 2 967.80 2
1575453425.894539 2 967.48 2
1575453426.094538 2 967.08 2
1575453426.361253 2 970.23 2
1575453426.761199 2 966.67 2
1575453427.027861 2 959.91 2
1575453427.294643 2 952.53 2
1575453427.561256 2 943.85 2
1575453427.89453 2 941.10 2
1575453428.22787 2 950.41 2
1575453428.494535 2 960.43 2
1575453428.761199 2 964.97 2
1575453429.028037 2 963.65 2
1575453429.361206 2 958.41 2
1575453429.694546 2 958.50 2
1575453429.961267 2 956.61 2
1575453430.227892 2 955.07 2
1575453430.49455 2 949.96 2
