1575453073.224659 1 3 20.3 0 0 0
1575453073.358172 1 3 20.3 0 0 0
1575453073.491343 1 3 20.3 0 0 0
1575453073.624657 1 3 20.3 0 0 0
1575453073.757988 1 3 20.3 0 0 0
1575453073.824732 1 3 20.3 0 0 0
1575453073.95809 1 3 20.3 0 0 0
1575453074.091377 1 3 20.3 0 0 0
1575453074.224685 1 3 20.3 0 0 0
1575453074.358214 1 3 20.3 0 0 0
1575453074.424699 1 3 20.3 0 0 0
1575453074.691324 1 3 20.3 0 0 0
1575453074.824754 1 3 20.3 0 0 0
1575453074.958053 1 3 20.3 0 0 0
1575453075.158231 1 3 20.3 0 0 0
1575453075.291327 1 3 20.3 0 0 0
1575453075.424666 1 3 20.3 0 0 0
1575453075.558771 1 3 20.3 0 0 0
1575453075.624659 1 3 20.3 0 0 0
1575453075.758227 1 3 20.3 0 0 0
1575453075.891349 1 3 20.3 0 0 0
1575453076.024663 1 3 20.3 0 0 0
1575453076.157992 1 3 20.3 0 0 0
1575453076.224684 1 3 20.3 0 0 0
1575453076.358209 1 3 20.3 0 0 0
1575453076.491363 1 3 20.3 0 0 0
1575453076.624757 1 3 21.1 0 0 0.25
1575453076.758128 1 3 19.2 0 1 1
1575453076.82469 1 3 19.9 0 0 0
1575453076.95804 1 3 19.9 0 0 0
1575453077.091374 1 3 19.9 0 0 0
1575453077.224718 1 3 19.9 0 0 0
1575453077.358078 1 3 19.9 0 0 0
1575453077.424671 1 3 19.9 0 0 0
1575453077.558358 1 3 19.9 0 0 0
1575453077.691326 1 3 19.9 0 0 0
1575453077.82466 1 3 19.9 0 0 0
1575453077.958105 1 3 19.9 0 0 0
1575453078.024645 1 3 19.9 0 0 0
1575453078.157992 1 3 19.9 0 0 0
1575453078.291385 1 3 19.9 0 0 0
1575453078.424731 1 3 19.9 0 0 0
1575453078.557986 1 3 19.9 0 0 0
1575453078.624743 1 3 19.9 0 0 0
1575453078.758116 1 3 19.9 0 0 0
1575453078.89132 1 3 19.9 0 0 0
1575453079.02469 1 3 19.9 0 0 0
1575453079.158248 1 3 19.9 0 0 0
1575453079.224658 0 3 19.9 0 0 0
1575453079.358057 0 3 19.9 0 0 0
1575453079.491332 0 3 19.9 0 0 0
1575453079.62466 0 3 19.9 0 0 0
1575453079.758068 0 3 19.9 0 0 0
1575453079.824659 0 3 19.9 0 0 0
1575453079.958157 0 3 19.9 0 0 0
1575453080.091347 0 3 19.8 0 0 0
1575453080.224718 0 3 19.8 0 0 0
1575453080.358253 0 3 19.7 0 0 0
1575453080.424757 0 3 19.6 0 0 0
1575453080.55799 0 3 19.6 0 0 0
1575453080.69132 0 3 19.6 0 0 0
1575453080.824765 0 3 19.3 0 1 0.25
1575453080.958052 0 3 19.3 0 0 0
1575453081.158204 0 3 19.3 0 0 0
1575453081.291322 0 3 19.3 0 0 0
1575453081.424709 0 3 19.3 0 0 0
1575453081.558377 0 3 20.3 0 0 0.25
1575453081.6247 0 3 20.8 0 0 0.25
1575453081.758028 0 3 26.4 0 0 3.5
1575453081.891349 0 3 27.9 0 0 2
1575453082.024672 0 3 29.2 0 0 2
1575453082.15799 0 3 29.3 0 0 1.5
1575453082.224678 0 3 31.2 0 0 3.25
1575453082.358202 0 3 32.1 0 0 3.5
1575453082.491347 0 3 31.2 0 0 3.25
1575453082.624733 0 3 31.3 0 0 4
1575453082.758075 0 3 30.6 0 0 4.75
1575453082.824756 0 3 30 0 0 0
1575453082.958001 0 3 32.6 0 0 0
1575453083.091325 0 3 33.1 0 1 1.5
1575453083.224731 0 3 30.1 0 1 4
1575453083.358028 0 3 25.6 0 1 7.25
1575453083.42465 0 3 20.4 0 1 8.25
1575453083.558293 0 3 23.2 0 0 2.25
1575453083.691328 0 3 27.5 0 0 5
1575453083.824667 0 3 31.4 0 0 8.75
1575453083.958349 0 3 30.8 0 0 0
1575453084.024657 0 3 23.4 0 1 3.25
1575453084.158 0 3 19.1 0 1 7.25
1575453084.29135 0 3 18 0 1 7.75
1575453084.4247 0 3 21.7 0 0 2
1575453084.557995 0 3 27.8 0 0 5
1575453084.624743 0 3 26.7 0 0 5.75
1575453084.758217 0 3 26 0 0 7
1575453084.891326 0 3 27 0 0 8.5
1575453085.024711 0 3 23.7 0 0 0
1575453085.158334 0 3 16.1 0 1 5.75
1575453085.224705 0 3 17.1 0 1 6.25
1575453085.358007 0 3 18.5 0 1 7
1575453085.491323 0 3 21.7 0 0 0
1575453085.624728 0 3 27.1 0 0 4.75
1575453085.758017 0 3 32.6 0 0 7.75
1575453085.824656 0 3 37.8 0 0 9.5
1575453085.95826 0 3 39.3 0 0 0
1575453086.091353 0 3 37.3 0 1 2.5
1575453086.224661 0 3 38.4 0 1 3.75
1575453086.358166 0 3 38.1 0 1 6.25
1575453086.424647 0 3 33.5 0 1 8.25
1575453086.558053 0 3 35.1 0 0 2
1575453086.691368 0 3 38.6 0 0 4.75
1575453086.8247 0 3 42.7 0 0 7.5
1575453086.958008 0 3 45.2 0 0 8.5
1575453087.024825 0 3 42.1 0 0 0
1575453087.158279 0 3 33.8 0 1 5.75
1575453087.291437 0 3 27.8 0 1 7.75
1575453087.424649 0 3 27.9 0 0 0
1575453087.558428 0 3 34 0 0 2.75
1575453087.624719 0 3 35.8 0 0 4.5
1575453087.758077 0 3 37.7 0 0 6.5
1575453087.891348 0 3 36.3 0 0 8.5
1575453088.02466 0 3 32.5 0 1 1.5
1575453088.158052 0 3 25.5 0 1 5
1575453088.22466 0 3 20.1 0 1 7.5
1575453088.35811 0 3 17.9 0 1 8.25
1575453088.491362 0 3 21.8 0 0 2.25
1575453088.624744 0 3 26.9 0 0 4.5
1575453088.75821 0 3 23.9 0 0 0
1575453088.824818 0 3 27.1 0 1 0.75
1575453088.958038 0 3 27.3 0 0 0.75
1575453089.091329 0 3 28 0 0 0.25
1575453089.224675 0 3 28 0 0 0
1575453089.358033 0 3 28 0 0 0
1575453089.424667 0 3 28 0 0 0
1575453089.558374 0 3 28 0 0 0
1575453089.69138 0 3 28 0 0 0
1575453089.82466 0 3 29.9 0 0 1
1575453090.02466 0 3 29.6 0 0 0
1575453090.158046 0 3 31.1 0 0 0.75
1575453090.291365 0 3 33.8 0 0 1.5
1575453090.424719 0 3 34.3 0 0 0.25
1575453090.557992 0 3 34 0 0 0
1575453090.624828 0 3 34.1 0 0 0
1575453090.758265 0 3 33.3 0 1 0.25
1575453090.891314 0 3 33 0 0 0
1575453091.158378 0 3 33 0 0 0
1575453091.224711 0 3 33 0 0 0
1575453091.358062 0 3 33 0 0 0
1575453091.491322 0 3 33 0 0 0
1575453091.624697 0 3 34.3 0 0 0.75
1575453091.758079 0 3 33.9 0 0 0
1575453091.824683 0 3 34.9 0 0 0.25
1575453091.958108 0 3 34.7 0 0 0
1575453092.091375 0 3 34.7 0 0 0
1575453092.224739 0 3 34.7 0 0 0
1575453092.358134 0 3 34.6 0 0 0
1575453092.42476 0 3 34.1 0 0 0
1575453092.558038 0 3 32.7 0 1 1
1575453092.69132 0 3 32.9 0 0 0
1575453092.824729 0 3 34.3 0 0 0.75
1575453092.958078 0 3 33.9 0 0 0
1575453093.02464 0 3 37.7 0 0 2.25
1575453093.158322 0 3 38.3 0 0 0.75
1575453093.291351 0 3 41.1 0 0 2
1575453093.424659 0 3 41.3 0 0 0
1575453093.558148 0 3 41.9 0 0 0
1575453093.62471 0 3 41.7 0 0 0
1575453093.757991 0 3 38.6 0 1 2
1575453093.891353 0 3 38 0 1 0.25
1575453094.024694 0 3 38.1 0 0 0
1575453094.157994 0 3 40.6 0 0 1.5
1575453094.224707 0 3 41.2 0 0 0.25
1575453094.491324 0 3 40.9 0 0 0
1575453094.624729 0 3 35.6 0 1 3.25
1575453094.758318 0 3 34.4 0 1 1.5
1575453094.824676 0 3 32.7 0 1 1.5
1575453094.958093 0 3 32.7 0 1 0.25
1575453095.358051 0 3 32.8 0 0 0
1575453095.424659 0 3 33.3 0 0 0
1575453095.558216 0 3 33.8 0 0 0
1575453095.691504 0 3 33 0 1 0.25
1575453095.824736 0 3 34.2 0 0 0.25
1575453095.958101 0 3 33.8 0 0 0
1575453096.024692 0 3 33.8 0 0 0
1575453096.158026 0 3 33.8 0 0 0
1575453096.291325 0 3 33.9 0 0 0
1575453096.424711 0 3 33.1 0 1 0.25
1575453096.558078 0 3 33.2 0 0 0
1575453096.624676 0 3 32.3 0 1 0.75
1575453096.758449 0 3 32.4 0 0 0
1575453096.891328 0 3 35.5 0 0 2
1575453097.024662 0 3 36 0 0 0.75
1575453097.158432 0 3 34.3 0 1 1
1575453097.224725 0 3 34.4 0 0 0
1575453097.357989 0 3 33.3 0 1 0.75
1575453097.491431 0 3 33.4 0 0 0
1575453097.624739 0 3 35.2 0 0 1
1575453097.75798 0 3 34.9 0 0 0
1575453097.824742 0 3 33 0 1 1
1575453097.958186 0 3 33.4 0 0 0
1575453098.091334 0 3 31.4 0 1 1.25
1575453098.224708 0 3 31.2 0 0 0
1575453098.358331 0 3 31.6 0 0 0
1575453098.424658 0 3 31.6 0 0 0
1575453098.558098 0 3 31.6 0 0 0
1575453098.691311 0 3 31.6 0 0 0
1575453098.95809 0 3 31.5 0 0 0
1575453099.024671 0 3 33.9 0 0 1.25
1575453099.158386 0 3 36.8 0 0 1.5
1575453099.291479 0 3 37.4 0 0 0.75
1575453099.424677 0 3 33.8 0 1 2
1575453099.558134 0 3 33.2 0 1 0.25
1575453099.624726 0 3 33.2 0 0 0
1575453099.75799 0 3 37.5 0 0 2.5
1575453099.891336 0 3 38.6 0 0 1.25
1575453100.024733 0 3 37.2 0 1 0.75
1575453100.158028 0 3 35.9 0 1 0.75
1575453100.224729 0 3 30.8 0 1 3.25
1575453100.358348 0 3 29.8 0 1 1.25
1575453100.491396 0 3 33.8 0 0 2
1575453100.62466 0 3 35 0 0 1
1575453100.758272 0 3 35.1 0 0 0.25
1575453100.824709 0 3 32.4 0 1 1.5
1575453100.95805 0 3 30.5 0 1 1
1575453101.091347 0 3 29.8 0 1 0.75
1575453101.224682 0 3 29.9 0 0 0
1575453101.358009 0 3 31.9 0 0 1
1575453101.424669 1 3 32.3 0 0 0
1575453101.558159 1 3 28.7 0 1 2.25
1575453101.691371 1 3 27.7 0 1 1.25
1575453101.824716 1 3 23.5 0 1 2.75
1575453101.958102 1 3 22.8 0 0 0
1575453102.024763 1 3 20.4 0 1 2
1575453102.15805 1 3 19.9 0 1 0.75
1575453102.291315 1 3 19.9 0 0 0
1575453102.424691 1 3 15.5 0 1 2.5
1575453102.558017 1 3 14.6 0 0 0
1575453102.624655 1 3 13.2 0 0 0
1575453102.758441 1 3 13 0 0 0
1575453102.891331 0 3 13.5 0 0 0.25
1575453103.024659 0 3 13.6 0 0 0
1575453103.158424 0 3 16 0 0 1.5
1575453103.224723 0 3 16 0 0 0.25
1575453103.358046 0 3 17.1 0 0 0.75
1575453103.491427 0 3 17.1 0 0 0
1575453103.62466 0 3 16.5 0 0 0
1575453103.758005 1 3 16.2 0 1 0.25
1575453103.82472 1 3 16.2 0 0 0
1575453103.958113 1 3 9.3 0 1 4.5
1575453104.091341 1 3 7.7 0 0 0
1575453104.224755 1 3 8.1 0 0 0.75
1575453104.358134 0 3 8.3 0 0 0.75
1575453104.4247 0 3 1.2 0 1 4
1575453104.558133 0 3 3.2 1 1 2.5
1575453104.691327 0 3 8.2 1 1 3.25
1575453104.824776 0 3 9.1 1 0 0
1575453104.958057 0 3 16.5 1 1 4.75
1575453105.024654 0 3 18.9 1 0 0
1575453105.158353 0 3 19.1 1 0 0
1575453105.291356 0 3 25.1 1 1 3.5
1575453105.424658 0 3 26 1 0 0
1575453105.558422 0 3 30 1 1 2.25
1575453105.624668 0 3 30.9 1 1 0.25
1575453105.757996 0 3 34.7 1 1 2.5
1575453105.891364 0 3 35.2 1 1 0.25
1575453106.02467 0 3 35.2 1 0 0
1575453106.15801 0 3 39.4 1 1 2.5
1575453106.224758 0 3 40.1 1 1 0.75
1575453106.358098 0 3 44.7 1 1 2.75
1575453106.491329 0 3 45.2 1 1 0.25
1575453106.62471 0 3 51.8 1 1 4
1575453106.758476 0 3 53.4 1 0 0
1575453106.824706 0 3 60.1 1 1 4.5
1575453106.95809 0 3 62.4 1 1 1.25
1575453107.091322 0 3 63.1 1 1 0.75
1575453107.224663 0 3 71.1 1 1 5
1575453107.35801 0 3 80.6 1 1 5.75
1575453107.424656 0 3 90 1 1 5
1575453107.55845 0 3 92 1 1 1.25
1575453107.691358 0 3 92.3 1 0 0
1575453107.824661 0 3 99.8 1 1 4.75
1575453107.958094 0 3 101 1 1 1
1575453108.024707 0 3 107.9 1 1 4
1575453108.157994 0 3 110.2 1 1 1.5
1575453108.291364 0 3 118.4 1 1 5
1575453108.424742 0 3 121.4 1 1 2
1575453108.557993 0 3 129.5 1 1 5.25
1575453108.624743 0 3 135.3 1 1 2.75
1575453108.891327 0 3 137.3 1 0 0
1575453109.024757 0 3 145.3 1 1 5
1575453109.158203 0 3 154.9 1 1 5.25
1575453109.224705 0 3 165.7 1 1 5.75
1575453109.357995 0 3 176.2 1 1 5.25
1575453109.491312 0 3 185.7 1 1 5.75
1575453109.624666 0 3 193.8 1 1 4.5
1575453109.75809 0 3 203.1 1 1 5.75
1575453109.824709 0 3 213.6 1 1 5.75
1575453109.958475 0 3 225 1 1 6
1575453110.09137 1 3 235.9 1 1 5.75
1575453110.224675 1 3 242.9 1 1 3.25
1575453110.35811 1 3 252.4 1 1 5.25
1575453110.4247 1 3 257.9 1 1 2.75
1575453110.557994 1 3 267.3 1 1 5.75
1575453110.691342 1 3 273.4 1 1 3.25
1575453110.824725 1 3 282.9 1 1 5.25
1575453110.957987 0 3 286.6 1 1 2.25
1575453111.024676 0 3 295.2 1 1 5.25
1575453111.158138 0 3 301.1 1 1 3.5
1575453111.291325 0 3 308 1 1 4
1575453111.424747 0 3 309.3 1 1 0.75
1575453111.558447 1 3 317.4 1 1 5
1575453111.624671 1 3 320.5 1 1 2.25
1575453111.758045 1 3 321.2 1 1 0.25
1575453111.891345 1 3 316.2 1 0 2.75
1575453112.024659 1 3 313.8 1 0 1.5
1575453112.158075 0 3 315.9 1 1 1
1575453112.224713 0 3 316.5 1 1 0.75
1575453112.358108 0 3 319.8 1 1 2
1575453112.49145 0 3 320.8 1 0 0
1575453112.624715 0 3 317.1 1 0 2.25
1575453112.758134 0 3 316 1 1 0.75
1575453112.824691 0 3 315.1 1 1 0.25
1575453112.957999 0 3 313.9 1 0 0.75
1575453113.091344 0 3 314 1 0 0
1575453113.358066 0 3 314 1 0 0
1575453113.424751 0 3 309.7 1 0 2.5
1575453113.558408 0 3 309.6 1 1 0.75
1575453113.691323 0 3 308.6 1 1 0.25
1575453113.82466 0 3 308.1 1 0 0
1575453113.958479 0 3 308.1 1 0 0
1575453114.02465 0 3 300.5 1 0 4.75
1575453114.15823 0 3 299.8 1 1 0.75
1575453114.291368 0 3 294.5 1 0 0
1575453114.424706 0 3 292.7 1 1 0.25
1575453114.557992 0 3 291.7 1 0 0.25
1575453114.624726 0 3 283.6 1 0 5
