1576203302.080583 1 3 50.7 1 0 0.75
1576203302.213947 1 3 50.7 1 0 0
1576203302.280568 1 3 50.7 1 0 0
1576203302.413929 1 3 50.7 1 0 0
1576203302.547396 1 3 50.7 1 0 0
1576203302.680617 1 3 50.7 1 0 0
1576203302.813902 0 3 50.7 1 0 0
1576203302.880571 0 3 50.7 1 0 0
1576203303.013903 0 3 50.7 1 0 0
1576203303.147293 0 3 50.7 1 0 0
1576203303.28057 0 3 50.7 1 0 0
1576203303.413913 0 3 50.7 1 0 0
1576203303.480564 0 3 50.7 1 0 0
1576203304.013916 0 3 50.3 1 0 0
1576203304.080581 0 3 48.5 1 0 1
1576203304.2139 0 3 48.4 1 0 0
1576203304.347266 0 3 48.4 1 0 0
1576203304.480575 0 3 48.5 1 0 0
1576203304.61397 0 3 48.5 1 0 0
1576203304.680552 0 3 48.5 1 0 0
1576203304.813928 0 3 48.6 1 0 0
1576203304.947341 0 3 48.6 1 0 0
1576203305.080618 0 3 47.3 1 0 0.75
1576203305.213892 0 3 46.5 1 0 0.25
1576203305.280633 0 3 46.1 1 0 0
1576203305.413924 0 3 38.8 1 0 4.75
1576203305.547264 0 3 35.7 1 0 2
1576203305.680572 0 3 35 1 0 0.25
1576203305.813925 0 3 26.8 1 0 5
1576203305.88057 0 3 17.7 1 0 5.25
1576203306.013918 0 3 13.4 1 0 2
1576203306.147372 0 3 16.7 1 1 1.5
1576203306.280764 0 3 18.3 1 1 1
1576203306.413915 0 3 20 1 1 1
1576203306.547485 0 3 20 1 0 0
1576203306.613923 0 3 20 1 0 0
1576203306.747254 0 3 20 1 0 0
1576203306.880577 0 3 16.5 1 0 2
1576203307.013937 0 3 15.1 1 0 0.75
1576203307.2139 0 3 6.5 1 0 0
1576203307.347444 0 3 6.5 1 0 0
1576203307.480559 0 3 6.9 1 0 0
1576203307.613906 0 3 3.7 1 0 2
1576203307.747358 0 3 2.8 1 0 0.75
1576203307.813897 0 3 1.1 1 0 1
1576203307.947318 0 3 1 1 0 0
1576203308.080555 0 3 1 1 0 0
1576203308.213905 0 3 2.8 1 1 0.75
1576203308.347238 0 3 3.9 1 1 0.25
1576203308.547392 0 3 3.8 1 0 0
1576203308.680608 0 3 1.5 1 0 1
1576203308.813899 0 3 0.1 1 0 0.75
1576203308.947397 0 3 0.1 1 0 0
1576203309.0139 0 3 1.1 1 1 0.25
1576203309.147263 0 3 1.7 1 1 0.25
1576203309.280571 0 3 1.7 1 0 0
1576203309.413934 0 3 8.8 1 1 4.5
1576203309.547241 0 3 10.6 1 0 0
1576203309.6139 0 3 10.6 1 0 0.25
1576203309.747833 0 3 13.3 1 0 0
1576203309.88058 1 3 13.7 1 0 0.25
1576203310.013902 1 3 14.1 1 1 0.25
1576203310.147371 1 3 13.3 1 0 0.25
1576203310.214052 1 3 13.2 1 0 0
1576203310.347238 1 3 9.7 1 0 2.25
1576203310.480564 1 3 9.1 1 0 0.25
1576203310.613911 1 3 9.2 1 0 0
1576203310.747238 1 3 3.4 1 0 3.75
1576203310.813899 1 3 2.5 1 0 0
1576203310.947413 1 3 2.9 1 1 0.25
1576203311.080592 1 3 2.3 1 0 0.75
1576203311.213936 1 3 2.3 1 0 0
1576203311.347348 1 3 2.3 1 0 0
1576203311.413937 1 3 2.3 1 0 0
1576203311.547292 1 3 2.3 1 0 0
1576203311.68057 1 3 0.4 1 0 1.25
1576203311.813905 1 3 0.3 1 0 0
1576203311.947268 0 3 0.1 1 0 0
1576203312.147413 0 3 0 0 0 0.75
1576203312.280572 0 3 1.8 1 1 1
1576203312.413922 0 3 2.9 1 1 0.25
1576203312.547364 0 3 8.4 1 1 3.5
1576203312.613927 0 3 9.4 1 0 0
1576203312.747298 0 3 9.3 1 0 0
1576203313.013891 0 3 16.3 1 0 0
1576203313.147286 0 3 16 1 0 0.25
1576203313.213902 0 3 16.2 1 0 0
1576203313.347594 0 3 16.2 1 0 0
1576203313.480609 0 3 16.2 1 0 0
1576203313.613909 0 3 17.7 1 1 1
1576203313.747359 0 3 17.8 1 0 0
1576203313.813899 0 3 17.8 1 0 0
1576203313.947253 0 3 14.4 1 0 2
1576203314.080555 0 3 12.9 1 0 1
1576203314.2139 0 3 13.1 1 0 0
1576203314.347259 0 3 6.7 1 0 3.75
1576203314.413931 0 3 5.5 1 0 0
1576203314.547371 0 3 5.4 1 0 0
1576203314.680567 0 3 5.7 1 0 0.25
1576203314.813976 0 3 5.8 1 0 0
1576203314.947456 0 3 5.7 1 0 0
1576203315.013897 0 3 9 1 1 2
1576203315.147259 0 3 9.8 1 0 0
1576203315.280571 0 3 10.8 1 0 0
1576203315.413903 0 3 10.7 1 0 0
1576203315.547274 0 3 10.8 1 0 0
1576203315.61392 0 3 9 1 0 1
1576203315.747385 0 3 8.1 1 0 0.25
1576203315.88057 0 3 8.1 1 0 0
1576203316.013921 0 3 5.2 1 0 2
1576203316.147363 0 3 4.8 1 0 0.25
1576203316.280605 0 3 5 1 0 0
1576203316.347264 0 3 2.9 1 0 1.25
1576203316.48057 0 3 3.3 1 0 0
1576203316.613914 0 3 3.3 1 0 0
1576203316.747241 0 3 3.3 1 0 0
1576203316.813916 0 3 3.3 1 0 0
1576203316.947347 0 3 3.3 1 0 0
1576203317.080554 0 3 3.3 1 0 0
1576203317.21397 0 3 3.3 1 0 0
1576203317.347394 0 3 2 1 0 0.25
1576203317.413897 0 3 2.2 1 0 0
1576203317.547257 0 3 2.2 1 0 0
1576203317.680572 0 3 2.2 1 0 0
1576203317.813892 0 3 2.2 1 0 0
1576203317.94727 0 3 2.2 1 0 0
1576203318.080579 0 3 2.2 1 0 0
1576203318.280566 0 3 5.9 1 1 0.25
1576203318.413908 0 3 5.8 1 0 0
1576203318.547391 0 3 7.9 1 1 1.25
1576203318.613902 0 3 7.7 1 0 0
1576203318.747235 0 3 7.7 1 0 0
1576203318.880584 0 3 7.6 1 0 0
1576203319.013903 0 3 7.3 1 0 0
1576203319.147262 0 3 7.3 1 0 0
1576203319.28057 0 3 4.3 1 0 2
1576203319.347449 0 3 3.9 1 0 0.75
1576203319.48057 0 3 4.1 1 0 0
1576203319.613914 0 3 4.7 1 1 0.25
1576203319.747331 0 3 4.7 1 0 0
1576203319.880596 0 3 4.7 1 0 0
1576203319.947235 0 3 4.7 1 0 0
1576203320.080565 0 3 4.7 1 0 0
1576203320.213916 0 3 4.7 1 0 0
1576203320.347337 0 3 4.6 1 0 0
1576203320.480587 0 3 4.3 1 0 0
1576203320.547423 0 3 4.3 1 0 0
1576203320.680569 0 3 0.3 0 0 0
1576203320.813981 0 3 0.9 0 1 0.25
1576203320.947374 0 3 0.7 0 1 0.75
1576203321.013906 0 3 0.2 0 1 0.25
1576203321.14731 0 3 0.3 0 0 0
1576203321.280596 0 3 0.8 1 1 1
1576203321.413908 0 3 0.8 1 0 0
1576203321.547254 0 3 0.8 1 0 0
1576203321.680566 0 3 0.4 0 0 0.75
1576203321.747426 0 3 0.9 0 0 0.25
1576203321.880583 0 3 0.8 0 0 0
1576203322.01392 0 3 5.3 0 0 0
1576203322.147356 0 3 5.9 0 0 0
1576203322.28065 0 3 5.7 0 1 0.25
1576203322.347241 0 3 8.3 0 0 0
1576203322.4806 0 3 8.9 0 0 0
1576203322.613893 0 3 9.1 0 0 0
1576203322.747324 0 3 10.1 0 0 0.75
1576203322.947594 0 3 9.9 0 0 0
1576203323.213955 0 3 7.1 0 1 0.25
1576203323.347388 0 3 1 0 0 0
1576203323.480644 0 3 0 0 0 0
1576203323.54724 0 3 0.6 0 0 1
1576203323.680634 0 3 0.6 0 0 0
1576203323.813955 0 3 0.6 0 0 0
1576203323.947283 0 3 0.6 0 0 0
1576203324.080619 0 3 0.6 0 0 0
1576203324.147381 0 3 0.6 0 0 0
1576203324.547522 0 3 1.7 0 0 0
1576203324.680575 0 3 1.7 0 0 0
1576203324.747237 0 3 5.4 0 0 0
1576203324.880613 0 3 5.9 0 1 0.25
1576203325.013905 0 3 3.1 0 1 1.5
1576203325.147238 0 3 2 0 1 0.75
1576203325.280598 0 3 2.1 0 0 0
1576203325.347386 0 3 4.2 1 1 4.5
1576203325.480582 0 3 5.1 1 0 0.25
1576203325.613904 0 3 5.1 1 0 0.25
1576203325.74745 0 3 5.1 1 0 0
1576203325.880567 0 3 5.1 1 0 0
1576203325.947247 0 3 5.1 1 0 0
1576203326.080594 0 3 1.6 0 0 4.75
1576203326.213898 0 3 3 0 0 0
1576203326.347299 0 3 2.8 0 1 0.75
1576203326.480573 0 3 2.3 0 1 0.75
1576203326.547664 0 3 2.3 0 0 0
1576203326.68057 0 3 2.3 0 0 0
1576203326.813965 0 3 2.3 0 0 0
1576203326.947438 0 3 0.6 1 1 2.25
1576203327.080573 0 3 1.2 1 1 0.75
1576203327.14723 0 3 1 1 0 0
1576203327.413904 0 3 6 1 0 0
1576203327.547238 0 3 6.1 1 0 0
1576203327.68059 0 3 10.3 1 0 0
1576203327.747557 0 3 10.9 1 0 0.25
1576203327.880588 0 3 11.1 1 0 0
1576203328.147441 0 3 11.2 1 0 0
1576203328.280573 0 3 11.2 1 0 0
1576203328.347234 0 3 8.8 1 0 1.5
1576203328.480572 0 3 8 1 0 0.25
1576203328.613946 0 3 8 1 0 0
1576203328.747235 0 3 5.2 1 0 1.5
1576203328.880591 0 3 5.1 1 0 0
1576203328.947356 0 3 5.1 1 0 0
1576203329.080568 0 3 6.2 1 1 0.75
1576203329.213903 0 3 6.9 1 1 0.25
1576203329.347351 0 3 6.8 1 0 0
1576203329.480571 0 3 6.9 1 0 0
1576203329.547238 0 3 6.9 1 0 0
1576203329.680622 0 3 6.9 1 0 0
1576203329.813931 0 3 1.5 1 0 2.75
1576203329.947237 0 3 0.1 0 0 2
1576203330.080571 0 3 0.2 0 0 0.75
1576203330.147377 0 3 2 0 0 1.25
1576203330.280568 0 3 1.8 0 0 0
1576203330.4139 0 3 1.8 0 0 0
1576203330.547356 0 3 2.1 1 1 2.75
1576203330.680589 0 3 3.1 1 1 1
1576203330.747275 0 3 1.6 1 0 0.75
1576203330.880567 0 3 1.3 1 0 0.25
1576203331.013936 0 3 1.3 1 0 0
1576203331.147249 0 3 3.2 1 1 1
1576203331.28057 0 3 3.9 1 0 0
1576203331.347357 0 3 6.6 1 1 1.5
1576203331.480573 0 3 7.1 1 1 0.25
1576203331.613901 0 3 7.1 1 0 0
1576203331.880569 0 3 4 1 0 0
1576203331.947232 0 3 4.1 1 0 0
1576203332.080638 0 3 4.1 1 0 0
1576203332.213943 0 3 4.1 1 0 0
1576203332.347272 0 3 4.1 1 0 0
1576203332.480621 0 3 6.6 1 1 1.5
1576203332.54738 0 3 7.8 1 1 0.75
1576203332.680567 0 3 9.7 1 1 1.25
1576203332.813984 0 3 9.9 1 0 0
1576203332.947396 0 3 9.9 1 0 0
1576203333.080572 0 3 9.9 1 0 0
1576203333.147265 0 3 9.9 1 0 0
1576203333.280621 0 3 9.9 1 0 0
1576203333.413889 0 3 9.6 1 0 0
1576203333.547266 0 3 9.2 1 0 0.25
1576203333.680569 0 3 9.2 1 0 0
1576203333.747319 0 3 6.4 1 0 2
1576203333.88057 0 3 5.9 1 0 0.75
1576203334.013961 0 3 6 1 0 0
1576203334.280568 0 3 5.2 1 0 0
1576203334.41391 0 3 5.2 1 0 0
1576203334.480574 0 3 2.3 1 0 2
1576203334.613899 0 3 2.2 1 1 0.25
1576203334.747236 0 3 2 1 0 0
1576203334.880608 0 3 1.4 0 0 0
1576203335.013901 0 3 1.8 0 1 0.25
1576203335.080604 0 3 2.1 0 0 0.25
1576203335.213906 0 3 5.7 0 0 2.25
1576203335.347534 0 3 5.9 0 0 0
1576203335.480571 0 3 6 0 0 0
1576203335.613904 0 3 3 0 1 1.5
1576203335.680572 0 3 2.1 0 1 0.75
1576203335.813928 0 3 2.2 0 0 0
1576203335.947237 0 3 1.9 1 0 0
1576203336.080604 0 3 2.1 1 0 0
1576203336.280626 0 3 2.1 1 0 0
1576203336.413904 0 3 6.4 1 0 0
1576203336.547386 0 3 6.9 1 0 0.25
1576203336.680571 0 3 7.2 1 1 0.25
1576203336.813931 0 3 4.9 1 0 1.25
1576203336.880627 0 3 4 1 0 0
1576203337.013927 0 3 1.2 1 0 1.5
1576203337.147238 0 3 0.9 1 0 0.75
1576203337.280637 0 3 0.9 1 0 0
1576203337.4139 0 3 1.7 0 0 2
1576203337.480586 0 3 2 0 0 0.25
1576203337.6139 0 3 2.1 0 0 0
1576203337.747566 0 3 4.9 1 1 4
1576203337.880572 0 3 8.5 1 1 2.25
1576203338.013948 0 3 9.1 1 1 0.25
1576203338.080569 0 3 2.6 1 0 3.75
1576203338.213951 0 3 1 0 0 2.5
1576203338.34724 0 3 2.2 0 0 0.75
1576203338.480603 0 3 5.8 0 0 0
1576203338.61389 0 3 6 0 0 0
1576203338.680754 0 3 6.1 0 0 0
1576203338.813899 0 3 1.3 0 1 2.75
1576203338.947397 0 3 0.3 1 0 0
1576203339.080567 0 3 0.4 1 0 0
1576203339.213937 0 3 0.9 1 0 0
1576203339.280567 0 3 0.9 1 0 0
1576203339.413934 0 3 0.9 1 0 0
1576203339.547236 0 3 8.8 1 1 4.75
1576203339.680602 0 3 13.6 1 1 2.75
1576203339.813902 0 3 15.2 1 1 1
1576203339.880678 0 3 12.6 1 0 1.25
1576203340.01395 0 3 11.2 1 0 1
1576203340.147492 0 3 11.2 1 0 0
1576203340.280616 0 3 3.9 1 0 4.75
1576203340.413922 0 3 2.7 1 1 0.25
1576203340.547349 0 3 2.8 1 1 0.25
1576203340.613921 0 3 6.3 1 1 1.5
1576203340.747253 0 3 7.2 1 1 0.75
1576203340.880569 0 3 7 1 0 0
1576203341.013937 0 3 11.5 1 1 2.75
1576203341.080573 0 3 12 1 0 0
1576203341.213898 0 3 12.1 1 0 0
1576203341.347365 0 3 19.6 1 1 4.75
1576203341.480689 0 3 21.7 1 0 0
1576203341.613904 0 3 21.5 1 0 0
1576203341.747414 0 3 21.3 1 0 0.25
1576203341.813905 0 3 21.3 1 0 0
1576203341.947281 0 3 22.4 1 1 0.25
1576203342.080572 0 3 22.9 1 1 0.25
1576203342.213936 0 3 22.9 1 0 0
1576203342.280625 0 3 26.6 1 1 2.5
1576203342.4139 0 3 27.1 1 1 0.25
1576203342.547368 0 3 27.1 1 0 0
1576203342.680598 0 3 26.1 1 0 0.25
1576203342.813894 0 3 25 1 0 0.75
1576203342.880631 0 3 25 1 0 0
1576203343.013905 0 3 23.8 1 0 1
1576203343.1473 0 3 23.8 1 0 0
1576203343.280622 0 3 23.8 1 0 0
1576203343.413956 0 3 18.7 1 0 3.25
1576203343.480569 0 3 17.5 1 0 0
1576203343.613924 0 3 17.9 1 0 0
1576203343.747364 0 3 17.9 1 0 0
1576203343.88064 0 3 10.4 1 0 4.75
1576203344.080617 0 3 8.7 1 0 0.25
1576203344.213902 0 3 11.9 1 1 1.5
1576203344.347301 0 3 12.9 1 1 0.75
1576203344.480572 0 3 12.9 1 0 0
1576203344.613951 0 3 19.8 1 0 0
1576203345.080571 1 3 21.3 1 0 0
1576203345.2139 1 3 27.7 1 1 4
1576203345.280593 1 3 29.4 1 1 1.5
1576203345.413911 1 3 29 1 0 0
1576203345.547337 1 3 31.5 1 1 1.5
1576203345.680568 1 3 31.7 1 0 0
1576203345.813946 1 3 31.7 1 0 0
1576203345.880572 1 3 38.6 1 1 4.5
1576203346.013945 1 3 40.7 1 1 1.25
1576203346.147346 0 3 40.7 1 0 0
1576203346.280617 0 3 40.1 1 0 0
1576203346.413894 0 3 39.1 1 0 0.75
1576203346.480627 0 3 39.1 1 0 0
1576203346.613899 0 3 40.8 1 1 0.75
1576203346.747285 0 3 41.7 1 1 0.75
1576203346.880556 0 3 41.8 1 0 0
1576203347.013901 0 3 46.1 1 1 2.75
1576203347.080571 0 3 46.9 1 1 0.25
1576203347.213982 0 3 46.9 1 0 0
1576203347.347437 0 3 54.4 1 1 4.75
1576203347.480572 0 3 57.3 1 1 2
1576203347.613935 0 3 58 1 0 0
1576203347.680567 0 3 58.1 1 0 0
1576203347.813922 0 3 52.2 1 0 3.5
1576203347.947226 0 3 48.2 1 0 2
1576203348.080577 0 3 47 1 0 0.25
1576203348.213904 0 3 52.9 1 1 2.5
1576203348.280617 0 3 56 1 1 2
1576203348.413977 0 3 62.7 1 1 4
1576203348.547375 0 3 64.1 1 1 1
1576203348.68057 0 3 64.2 1 0 0
1576203348.813922 0 3 66.7 1 1 1.5
1576203348.880617 0 3 66.7 1 0 0
1576203349.013954 0 3 66.7 1 0 0
1576203349.147238 0 3 68.5 1 1 1.25
1576203349.280634 0 3 68.6 1 0 0
1576203349.413902 0 3 68.6 1 0 0
1576203349.547335 0 3 75.8 1 1 4.5
1576203349.613903 0 3 77.8 1 1 1.25
1576203349.747507 0 3 77.8 1 0 0
1576203349.880583 0 3 84 1 1 4
1576203350.013952 0 3 84.9 1 1 0.75
1576203350.080572 0 3 85 1 0 0
1576203350.213912 0 3 88.6 1 1 2.25
1576203350.347238 0 3 88.7 1 0 0
1576203350.480645 0 3 88.7 1 0 0
1576203350.680586 0 3 96.9 1 0 0
1576203350.813978 0 3 96.9 1 0 0
1576203350.947471 0 3 102.2 1 1 3.25
1576203351.080572 0 3 102.6 1 1 0.25
1576203351.21409 0 3 102.7 1 0 0
1576203351.28057 0 3 109.7 1 1 4.5
1576203351.413936 0 3 111.6 1 1 1.25
1576203351.547238 0 3 111.7 1 0 0
1576203351.680634 0 3 112 1 1 0.25
1576203351.813903 0 3 106.5 1 0 3.25
1576203351.880644 0 3 104.4 1 0 1.5
1576203352.0139 0 3 109.8 1 1 3.25
1576203352.147523 0 3 119.3 1 1 5
1576203352.280596 0 3 130 1 1 5.75
1576203352.413922 0 3 140.2 1 1 5.25
1576203352.480566 0 3 146.3 1 1 3.5
1576203352.613934 0 3 147 1 1 0.75
1576203352.747237 0 3 147.3 1 0 0
1576203352.880591 0 3 155.2 1 1 5
1576203353.013936 0 3 165.2 1 1 5.75
1576203353.08058 0 3 169 1 1 2
1576203353.213902 0 3 177.4 1 1 5
1576203353.347434 0 3 187 1 1 5.75
1576203353.480573 0 3 189.7 1 1 1.25
1576203353.613941 0 3 198.5 1 1 5.75
1576203353.747345 0 3 202.1 1 1 2.25
1576203353.813992 0 3 203.6 1 1 0.75
1576203353.947244 0 3 210.8 1 1 4.5
1576203354.080569 0 3 220.6 1 1 5.75
1576203354.21394 0 3 231.9 1 1 5.75
1576203354.347286 0 3 242.5 1 1 5.75
1576203354.413918 0 3 253.4 1 1 5.75
1576203354.547427 0 3 264.4 1 1 5.75
1576203354.680569 0 3 274.7 1 1 6
1576203354.813904 0 3 284.3 1 1 5.25
1576203354.947341 0 3 287 1 1 1.5
1576203355.013897 0 3 287.7 1 1 0.25
1576203355.147269 0 3 295.7 1 1 5
1576203355.280584 0 3 305.7 1 1 5.75
1576203355.413901 0 3 312.5 1 1 3.25
1576203355.547257 0 3 322.2 1 1 5.75
1576203355.613955 0 3 332.8 1 1 6
1576203355.747341 0 3 341.6 1 1 4.5
1576203355.88058 0 3 351.2 1 1 5.75
1576203356.013903 0 3 355.9 1 1 2.25
1576203356.147344 0 3 356.7 1 1 0.25
1576203356.213922 0 3 352.4 1 0 2.5
1576203356.347246 0 3 351.2 1 0 1
1576203356.480651 0 3 351.4 1 0 0
1576203356.613901 0 3 351.3 1 0 0
1576203356.747346 0 3 351.3 1 0 0
1576203356.813905 0 3 351.3 1 0 0
1576203356.947342 0 3 355.7 1 1 2.5
1576203357.080571 0 3 356.5 1 0 0
1576203357.21392 0 3 357.2 1 1 0.25
1576203357.347361 0 3 357.2 1 0 0
1576203357.413949 0 3 357.2 1 0 0
1576203357.547268 0 3 364.3 1 1 4.5
1576203357.680586 0 3 373.9 1 1 5.25
1576203357.813927 0 3 384.6 1 1 5.75
1576203357.947271 0 3 395.5 1 1 6
1576203358.013962 0 3 399.9 1 1 1.5
1576203358.147415 0 3 400.7 1 1 0.25
1576203358.280573 0 3 394.5 1 0 3.5
1576203358.413938 0 3 391.9 1 0 2
1576203358.547385 0 3 390.8 1 0 0.75
1576203358.6139 0 3 390.8 1 0 0
1576203358.747236 0 3 383.5 1 0 4.5
1576203358.880654 0 3 374.1 1 0 5.25
1576203359.013902 0 3 363.4 1 0 5.75
1576203359.147242 0 3 352.5 1 0 5.75
1576203359.214013 0 3 341.7 1 0 5.75
1576203359.347341 0 3 331.1 1 0 5.25
1576203359.613951 0 3 308.8 1 0 6
1576203359.747424 0 3 298.1 1 0 5.25
1576203359.813924 0 3 286.3 1 0 6.25
1576203360.080579 0 3 269.2 1 0 2.5
1576203360.213904 0 3 259 1 0 6
1576203360.347299 0 3 248.8 1 0 5.75
1576203360.413923 0 3 239.3 1 0 5.25
1576203360.54735 0 3 229.5 1 0 5
1576203360.680593 0 3 218.5 1 0 5.75
1576203360.813932 0 3 208 1 0 5.25
1576203360.94734 0 3 197.2 1 0 5.75
1576203361.01389 0 3 186 1 0 5.75
1576203361.147251 0 3 174.8 1 0 6
1576203361.28062 0 3 163.4 1 0 6.25
1576203361.41391 0 3 160 1 0 1.25
1576203361.547307 0 3 151.2 1 0 5.25
1576203361.614065 0 3 142 1 0 5
1576203361.74737 0 3 133 1 0 5.25
1576203361.947236 0 3 123.8 1 0 5
1576203362.080622 0 3 121.1 1 0 1.5
1576203362.147346 0 3 121.5 1 0 0
1576203362.280634 0 3 115.3 1 0 3.5
1576203362.347239 0 3 106.1 1 0 5
1576203362.547507 0 3 96.2 1 0 5
1576203362.680565 0 3 86.9 1 0 5.75
1576203362.747233 0 3 79 1 0 4
1576203362.88057 0 3 76.6 1 0 1.25
1576203363.01391 0 3 69.2 1 0 4.75
1576203363.147234 0 3 68.2 1 0 1.5
1576203363.21389 0 3 68.9 1 0 0
1576203363.347348 0 3 67.2 1 0 1
1576203363.547279 0 3 67.2 1 0 0
1576203363.680584 0 3 67.2 1 0 0
1576203363.813918 0 3 64.4 1 0 0
1576203363.947242 0 3 64.4 1 0 0
1576203364.013922 0 3 64.4 1 0 0
1576203364.213926 0 3 64.5 1 0 0
1576203364.347245 0 3 64.5 1 0 0
1576203364.4139 0 3 58.2 1 0 3.75
1576203364.547359 0 3 56.7 1 0 1.5
1576203364.680606 0 3 57 1 0 0
1576203364.813902 0 3 58.6 1 1 1
1576203364.880597 0 3 59.8 1 1 0.75
1576203365.013919 0 3 59.8 1 0 0
1576203365.213947 0 3 57.5 1 0 1
1576203365.547246 0 3 55.8 1 0 0
1576203365.680558 0 3 54.8 1 0 0.75
1576203365.747373 0 3 54.8 1 0 0
1576203365.880573 0 3 51.8 1 0 2
1576203366.013907 0 3 52.1 1 0 0
1576203366.147556 0 3 52.1 1 0 0
1576203366.213889 0 3 49.6 1 0 1.25
1576203366.347238 0 3 49.5 1 0 0
1576203366.480559 0 3 49.4 1 0 0
1576203366.61389 0 3 43.2 1 0 3.75
1576203366.680581 0 3 42.5 1 0 1.25
1576203366.880599 0 3 42.7 1 0 0
1576203366.947433 0 3 37.2 1 0 3.5
1576203367.080583 0 3 36.8 1 0 1
1576203367.2139 0 3 37 1 0 0
1576203367.347366 0 3 36 1 0 0.25
1576203367.480573 0 3 36 1 0 0
1576203367.547235 0 3 35.9 1 0 0
1576203367.680577 0 3 38.5 1 1 1.5
1576203367.81392 0 3 39.8 1 1 0.75
1576203368.013905 0 3 39.8 1 0 0
1576203368.14733 0 3 35.1 1 0 2.25
1576203368.28066 0 3 34.1 1 0 0.75
1576203368.413913 0 3 39.2 1 1 2.75
1576203368.480559 0 3 40.7 1 1 1.25
1576203368.613977 0 3 40.7 1 0 0
1576203368.680575 0 3 35 1 0 3.25
1576203368.813939 0 3 28 1 0 3.25
1576203368.880592 0 3 26.2 1 0 0.75
1576203369.013903 0 3 25.8 1 0 0.25
1576203369.080599 0 3 17.5 1 0 5
1576203369.213899 0 3 14.6 1 0 1.5
1576203369.34734 0 3 13.8 1 0 0.75
1576203369.413904 0 3 8.2 1 0 0
1576203369.547275 0 3 7.8 1 0 0
1576203369.68057 0 3 7.5 1 0 0
1576203369.813948 0 3 0 0 0 4.75
1576203369.947238 0 3 4.7 0 0 2.5
1576203370.013922 0 3 10 0 0 3.25
1576203370.147321 0 3 10 0 0 0
1576203370.280646 0 3 10.1 0 0 0
1576203370.413904 0 3 12.9 0 0 0
1576203370.547351 0 3 13 0 0 0.25
1576203370.613961 0 3 12.9 0 0 0
1576203370.747336 0 3 8 0 1 2.75
1576203370.880572 0 3 6.7 0 1 1.25
1576203371.147295 0 3 6.9 0 0 0
1576203371.280576 0 3 4.3 0 1 1.5
1576203371.347334 0 3 4 0 0 0
1576203371.480621 0 3 4 0 0 0
1576203371.613905 0 3 4.5 0 0 0.25
1576203371.747582 0 3 4.7 0 0 0
1576203371.813898 0 3 4.7 0 0 0
1576203371.94726 0 3 0 0 1 2.5
1576203372.080568 0 3 1.3 1 0 0
1576203372.213938 0 3 8.3 1 1 4.5
1576203372.347237 0 3 10.8 1 0 0
1576203372.413999 0 3 11.1 1 0 0
1576203372.547353 0 3 11.8 1 1 0.25
1576203372.68061 0 3 11.9 1 0 0
1576203372.813902 0 3 11.9 1 0 0
1576203372.947409 0 3 11.9 1 0 0
1576203373.080556 0 3 8.1 1 0 1.5
1576203373.147259 0 3 6.8 1 0 1
1576203373.280568 0 3 7.1 1 0 0
1576203373.413955 0 3 10.8 1 1 2.25
1576203373.547236 0 3 11.9 1 0 0
1576203373.680602 0 3 11.8 1 0 0
1576203373.747346 0 3 13.1 1 1 0.75
1576203374.013901 0 3 12.9 1 0 0
1576203374.147316 0 3 6.5 1 0 3.75
1576203374.280578 0 3 4.5 1 0 0
1576203374.347299 0 3 4.4 1 0 1
1576203374.480594 0 3 3.2 1 0 0
1576203374.613903 0 3 3 1 1 0.25
1576203374.747237 0 3 3 1 0 0
1576203374.880574 0 3 0.8 0 0 0
1576203374.94739 0 3 1 0 0 1.25
1576203375.080568 0 3 0.9 0 0 0
1576203375.213902 0 3 4.6 0 0 2.25
1576203375.347404 0 3 5 0 0 0.75
1576203375.480575 0 3 5.1 0 0 0
1576203375.547235 0 3 0.1 0 1 2.75
1576203375.680567 0 3 1.2 1 1 1.5
1576203375.813894 0 3 1.1 1 0 0
1576203376.080595 0 3 2.7 1 0 0
1576203376.147505 0 3 2.7 1 0 0
1576203376.280569 0 3 0.8 0 0 2.5
1576203376.413901 0 3 2.2 0 0 1
1576203376.547431 0 3 1.9 0 0 0
1576203376.680576 0 3 5.7 0 0 0
1576203376.747247 0 3 5.9 0 1 0.25
1576203376.880637 0 3 6 0 0 0.25
1576203377.013915 0 3 6 0 0 0
1576203377.147224 0 3 13 0 0 4.5
1576203377.280567 0 3 13.9 0 1 0.75
1576203377.347456 0 3 13.7 0 1 0.75
1576203377.480574 0 3 10.9 0 1 2
1576203377.614101 0 3 10.6 0 1 0.75
1576203377.74739 0 3 11.7 0 0 0.25
1576203377.880613 0 3 11.7 0 0 0
1576203377.947338 0 3 11.7 0 0 0
1576203378.080579 0 3 5.9 0 1 3.5
1576203378.213905 0 3 4.7 0 0 0
1576203378.480575 0 3 4.8 0 0 0
1576203378.547364 0 3 0.6 0 1 2.5
1576203378.680578 0 3 0.3 1 0 0
1576203378.813923 0 3 5.8 1 0 0
1576203378.947346 0 3 6.7 1 0 0.75
1576203379.080603 0 3 6.6 1 0 0.75
1576203379.147231 0 3 1.3 1 0 3.5
1576203379.280604 0 3 0.3 0 0 2.75
1576203379.413905 0 3 0 0 0 2
1576203379.547232 0 3 0.4 1 0 1
1576203379.680573 0 3 1 1 0 0
1576203379.747592 0 3 1.1 1 0 0
1576203379.880584 0 3 5.7 1 1 2.5
1576203380.013942 0 3 7.2 1 1 1.25
1576203380.147388 0 3 7 1 0 0
1576203380.280585 0 3 4.1 1 0 1.5
1576203380.347234 0 3 3.2 1 0 0.75
1576203380.480606 0 3 3.2 1 0 0
1576203380.613905 0 3 3.1 1 0 0
1576203380.747283 0 3 3.1 1 0 0
1576203380.947386 0 3 3.1 1 0 0
1576203381.08057 0 3 4.7 0 0 5.25
1576203381.213925 0 3 6.8 0 0 0
1576203381.347392 0 3 14.1 0 0 4.5
1576203381.480567 0 3 15.6 0 1 0.25
1576203381.547285 0 3 15.4 0 1 1
1576203381.680573 0 3 8.5 0 1 4.5
1576203381.813901 0 3 1.7 0 1 4
1576203381.947339 0 3 0 0 0 0.75
1576203382.080566 0 3 2.2 0 0 1.25
1576203382.147571 0 3 3.2 0 0 0.75
1576203382.280556 0 3 1 0 1 1
1576203382.413951 0 3 0.1 1 1 1
1576203382.547346 0 3 0.1 1 0 0
1576203382.680575 0 3 6.3 1 1 3.75
1576203382.880745 0 3 7.5 1 0 0
1576203383.013906 0 3 7.1 1 0 0
1576203383.147269 0 3 7.1 1 0 0
1576203383.280555 0 3 7.1 1 0 0
1576203383.347584 0 3 13.6 1 1 4
1576203383.480575 0 3 15.2 1 0 0
1576203383.613918 0 3 15.2 1 0 0
1576203383.747348 0 3 15.2 1 0 0
1576203383.880607 0 3 17.5 1 1 1.25
1576203383.947284 0 3 17.8 1 0 0
1576203384.080637 0 3 15 1 0 1.25
1576203384.213902 0 3 13.9 1 0 0.75
1576203384.347445 0 3 13.9 1 0 0
1576203384.48057 0 3 8.9 1 0 3.25
1576203384.547366 0 3 8.4 1 0 1.25
1576203384.680571 0 3 8.9 1 0 0
1576203384.813939 0 3 8.9 1 0 0
1576203384.947343 0 3 1.2 1 0 4.75
1576203385.080569 0 3 6 0 0 4.5
1576203385.147233 0 3 7.8 0 0 0
1576203385.280596 0 3 2.7 0 1 3.25
1576203385.413901 0 3 0.6 0 1 1.5
1576203385.547297 0 3 0.7 0 1 0.25
1576203385.680555 0 3 5.7 1 1 4.5
1576203386.013943 0 3 6.1 1 1 0.25
1576203386.147354 0 3 8.5 1 1 1.5
1576203386.280587 0 3 8.7 1 0 0
1576203386.347235 0 3 10 1 1 1
1576203386.480637 0 3 9.9 1 0 0
1576203386.613904 0 3 9.9 1 0 0
1576203386.74736 0 3 13.7 1 1 2.25
1576203386.880572 0 3 14 1 1 0.75
1576203386.947668 0 3 14.1 1 0 0
1576203387.080566 0 3 10.1 1 0 2.25
1576203387.21392 0 3 9.1 1 0 0.75
1576203387.347413 0 3 9 1 0 0
1576203387.480595 0 3 2.3 1 0 4.5
1576203387.613925 0 3 1.1 1 0 0
1576203387.680631 0 3 1 1 0 0
1576203387.813909 0 3 5 0 0 5
1576203387.947227 0 3 6.6 0 0 0
1576203388.080598 0 3 6.5 0 1 0.25
1576203388.21393 0 3 8.5 0 1 0.25
1576203388.413918 0 3 8.9 0 1 0.75
1576203388.547357 0 3 16 0 0 4.5
1576203388.680581 0 3 18.6 0 0 1.5
1576203388.747288 0 3 19 0 0 0
1576203388.88061 0 3 19.8 0 0 0
1576203389.01389 0 3 19.8 0 0 0
1576203389.147327 0 3 19.8 0 0 0
1576203389.280567 0 3 12.6 0 1 4.5
1576203389.347349 0 3 6.8 0 1 3.25
1576203389.480673 0 3 5 0 0 0
1576203389.613944 0 3 2.8 1 1 5
1576203389.747413 0 3 3.9 1 0 0
1576203389.880571 0 3 3.6 1 0 0
1576203390.01394 0 3 7.3 1 0 0
1576203390.080665 0 3 8.2 1 0 0
1576203390.213935 0 3 8.3 1 0 0
1576203390.347236 0 3 0.7 1 0 4.5
1576203390.480597 0 3 4.4 0 0 2.5
1576203390.613892 0 3 6 0 0 1
1576203390.680554 0 3 5.1 0 1 0.25
1576203390.813914 0 3 4.3 0 1 0.25
1576203390.947327 0 3 4.3 0 0 0
1576203391.080595 0 3 4.2 0 0 0
1576203391.213907 0 3 2.2 1 1 4.5
1576203391.280575 0 3 3.5 1 1 1.5
1576203391.413903 0 3 3.3 1 0 0.25
1576203391.547243 0 3 0.6 1 0 1.25
1576203391.680594 0 3 0.2 1 0 0.25
1576203391.813929 0 3 0.2 1 0 0
1576203392.013914 0 3 9 0 0 0
1576203392.147435 0 3 9.1 0 1 0.25
1576203392.280588 0 3 11 0 0 0
1576203392.413955 0 3 11.4 0 1 0.75
1576203392.480579 0 3 7.6 0 1 1.5
1576203392.613904 0 3 6.6 0 1 0.75
1576203392.747251 0 3 6.9 0 0 0
1576203392.880568 0 3 6.9 0 0 0
1576203393.013911 0 3 2.3 0 1 2.75
1576203393.08058 0 3 1.7 0 0 0
1576203393.214035 0 3 1.8 0 0 0
1576203393.347368 0 3 5.5 1 1 5.25
1576203393.480574 0 3 8.6 1 1 2
1576203393.613908 0 3 9.2 1 0 0
1576203393.680557 0 3 11.6 1 1 1.25
1576203393.813953 0 3 11.8 1 0 0
1576203393.94724 0 3 11.9 1 0 0
1576203394.08057 0 3 7.9 1 0 2.25
1576203394.147366 0 3 7 1 0 0.25
1576203394.280615 0 3 7 1 0 0
1576203394.4139 0 3 1.2 1 0 3.75
1576203394.547342 0 3 0.2 1 0 0
1576203394.68063 0 3 0.2 1 0 0
1576203394.813915 0 3 6.5 0 0 5.25
1576203394.880562 0 3 9.7 0 0 2
1576203395.014002 0 3 10.3 0 0 0
1576203395.147239 0 3 15.2 0 0 3.25
1576203395.280589 0 3 15.9 0 1 0.75
1576203395.347405 0 3 15.6 0 1 0.75
1576203395.480586 0 3 8.4 0 1 4.5
1576203395.613928 0 3 5.4 0 1 2.5
1576203395.747455 0 3 4.9 0 1 1.25
1576203395.880571 0 3 2.8 0 1 2
1576203396.01393 0 3 2.5 0 0 0
1576203396.080602 0 3 2.8 0 0 0
1576203396.213905 0 3 6.3 0 0 2
1576203396.347238 0 3 7 0 0 0.75
1576203396.480614 0 3 6.8 0 0 0
1576203396.613896 0 3 0 0 1 4
1576203396.680586 0 3 3.1 1 1 2
1576203396.947409 0 3 3.2 1 0 0
1576203397.080572 0 3 3.6 0 0 4.5
1576203397.280571 0 3 6.1 0 0 0.25
1576203397.413957 0 3 0.4 1 1 4
1576203397.547231 0 3 2.6 1 1 1.5
1576203397.680611 0 3 2.6 1 1 0.75
1576203397.813905 0 3 9.9 1 1 4.75
1576203397.88057 0 3 17.5 1 1 4.75
1576203398.013921 0 3 19.8 1 1 1.25
1576203398.147365 0 3 27.4 1 1 4.75
1576203398.280572 0 3 29.2 1 1 1.25
1576203398.41393 0 3 29 1 0 0
1576203398.480625 0 3 29 1 0 0
1576203398.613912 0 3 29 1 0 0
1576203398.747239 0 3 29 1 0 0
1576203398.880611 0 3 29 1 0 0
1576203399.013901 0 3 29 1 0 0
1576203399.080568 0 3 29 1 0 0
1576203399.213967 0 3 29 1 0 0
1576203399.347489 0 3 24.4 1 0 2.75
1576203399.480575 0 3 15.4 1 0 5.25
1576203399.614145 0 3 3.8 1 0 5.75
1576203399.680574 0 3 7.2 0 0 6.25
1576203399.813934 0 3 18.1 0 0 6
1576203399.947293 0 3 29.1 0 0 6
1576203400.080663 0 3 40.2 0 0 6
1576203400.213902 0 3 51.3 0 0 5.75
1576203400.280618 0 3 62.8 0 0 6
1576203400.413904 0 3 72.7 0 0 5
1576203400.547403 0 3 66.5 0 1 3.75
1576203400.680574 0 3 61.9 0 1 2.75
1576203400.813936 0 3 61.1 0 1 0.75
1576203400.880658 0 3 53.9 0 1 4.75
1576203401.0139 0 3 44.5 0 1 5.25
1576203401.147238 0 3 37 0 1 3.75
1576203401.280555 0 3 28.5 0 1 5
1576203401.413908 0 3 18 0 1 5.25
1576203401.480572 0 3 7 0 1 5.75
1576203401.747366 0 3 10.5 1 1 3.25
1576203401.880572 0 3 12.1 1 0 0
1576203402.013907 0 3 12.4 1 0 0
1576203402.080591 0 3 12.4 1 0 0
1576203402.213916 0 3 12.4 1 0 0
1576203402.347237 0 3 12.4 1 0 0
1576203402.480609 0 3 9.4 1 0 1.25
1576203402.613913 0 3 8.1 1 0 0.75
1576203402.680576 0 3 8.1 1 0 0
1576203402.813911 0 3 6.8 1 0 1
1576203403.080575 0 3 6.9 1 0 0
1576203403.213965 0 3 6.9 1 0 0
1576203403.280558 0 3 6.9 1 0 0
1576203403.413995 0 3 6.9 1 0 0
1576203403.547237 0 3 4.2 1 0 1.5
1576203403.68067 0 3 4.1 1 0 0
1576203403.813902 0 3 4.1 1 0 0
1576203403.880568 0 3 0.1 1 0 2.5
1576203404.013956 0 3 0.6 0 0 1.5
1576203404.147347 0 3 0.1 0 0 0.75
1576203404.280561 0 3 1.2 0 0 0.75
1576203404.41392 0 3 1 0 0 0
1576203404.480621 0 3 1 0 0 0
1576203404.613915 0 3 0.3 0 1 0.25
1576203404.747233 0 3 0.2 0 0 0
1576203404.880576 0 3 0.2 0 0 0
1576203405.013907 0 3 0.8 0 0 0
1576203405.08057 0 3 0.7 0 0 0
1576203405.21396 0 3 0.7 0 0 0
1576203405.347373 0 3 2.2 1 1 2
1576203405.48057 0 3 3 1 1 0.75
1576203405.613919 0 3 3 1 0 0
1576203405.680563 0 3 3.5 0 0 4.5
1576203405.813917 0 3 5.5 0 0 2.25
1576203405.947238 0 3 5.4 0 0 0
1576203406.213908 0 3 5.1 0 0 0
1576203406.280555 0 3 8.7 0 0 2
1576203406.547526 0 3 9 0 0 0
1576203406.680575 0 3 9 0 0 0
1576203406.813895 0 3 9.1 0 0 0
1576203406.880617 0 3 7.6 0 1 0.75
1576203407.013905 0 3 7.2 0 1 0.25
1576203407.147382 0 3 7.2 0 0 0
1576203407.280562 0 3 4.3 0 1 2
1576203407.413903 0 3 3.7 0 1 0.75
1576203407.480608 0 3 3.9 0 0 0
1576203407.613948 0 3 1.9 0 1 1.25
1576203407.747381 0 3 2.1 0 0 0
1576203408.013943 0 3 2 0 0 0
1576203408.080599 0 3 4 0 0 1
1576203408.213912 0 3 4.9 0 0 0
1576203408.347241 0 3 4.9 0 0 0
1576203408.480589 0 3 4.9 0 0 0
1576203408.613905 0 3 4.9 0 0 0
1576203408.68058 0 3 6.1 0 0 0.75
1576203408.813902 0 3 6.1 0 0 0
1576203408.947513 0 3 6.1 0 0 0
1576203409.080557 0 3 13.9 0 0 4.75
1576203409.213944 0 3 16.7 0 0 2.25
1576203409.280576 0 3 16.6 0 0 0
1576203409.413934 0 3 8.6 0 1 3.75
1576203409.547237 0 3 5.9 0 1 2.5
1576203409.680576 0 3 5.6 0 1 1.25
1576203409.813904 0 3 6.8 0 0 0
1576203409.880566 0 3 2.8 0 1 2.5
1576203410.013908 0 3 1.8 0 0 0
1576203410.147383 0 3 2 0 0 0
1576203410.280572 0 3 5.7 1 1 4.75
1576203410.413931 0 3 13.8 1 1 4.75
1576203410.480607 0 3 16 1 1 1.5
1576203410.613924 0 3 21.7 1 1 3.5
1576203410.747239 0 3 22.2 1 0 0
1576203410.880598 0 3 22.2 1 1 0.25
1576203411.013903 0 3 27.9 1 1 3.5
1576203411.080613 0 3 29.1 1 1 1
1576203411.2139 0 3 36.4 1 1 4.5
1576203411.347497 0 3 38.7 1 1 1.5
1576203411.480571 0 3 38.7 1 0 0
1576203411.613919 0 3 41.7 1 1 2
1576203411.680563 0 3 41.6 1 0 0
1576203411.813934 0 3 41.7 1 0 0
1576203411.947242 0 3 42.7 1 1 0.75
1576203412.080569 0 3 42.7 1 0 0
1576203412.213909 0 3 42.7 1 0 0
1576203412.28058 0 3 48 1 1 3.5
1576203412.4139 0 3 48.7 1 1 0.25
1576203412.547408 0 3 48.8 1 0 0
1576203412.680569 0 3 55.5 1 1 4.5
1576203412.813969 0 3 56 1 1 1.25
1576203412.88062 0 3 55.9 1 0 0
1576203413.013946 0 3 63.8 1 1 4.75
1576203413.147241 0 3 68.6 1 1 2.5
1576203413.280576 0 3 70.1 1 1 0.75
1576203413.41392 0 3 77.8 1 1 4.75
1576203413.547237 0 3 87.9 1 1 5.75
1576203413.613954 0 3 91.9 1 1 1.5
1576203413.747618 0 3 100.1 1 1 5.25
1576203413.880566 0 3 108 1 1 4.5
1576203414.013903 0 3 110.5 1 1 1.25
1576203414.147418 0 3 118 1 1 4.75
1576203414.213928 0 3 119.6 1 1 1
1576203414.347241 0 3 119.6 1 0 0
1576203414.48057 0 3 127.2 1 1 4.75
1576203414.613927 0 3 129.1 1 1 1.25
1576203414.680701 0 3 130.3 1 1 0.25
1576203414.813902 0 3 136.4 1 1 3.75
1576203414.947371 0 3 136.7 1 1 0.25
1576203415.080628 0 3 136.8 1 0 0
1576203415.213912 0 3 136.8 1 0 0
1576203415.280555 0 3 136.8 1 0 0
1576203415.413921 0 3 136.8 1 0 0
1576203415.54724 0 3 136.8 1 0 0
1576203415.680567 0 3 144.1 1 1 4.75
1576203415.813913 0 3 145.8 1 1 1
1576203415.880589 0 3 145.8 1 0 0
1576203416.1475 0 3 163.4 1 1 5.75
1576203416.280571 0 3 171.3 1 1 3.75
1576203416.413925 0 3 178.4 1 1 4
1576203416.480556 0 3 179 1 0 0
1576203416.613915 0 3 179.2 1 0 0
1576203416.74724 0 3 185.3 1 1 3.75
1576203416.880599 0 3 185.8 1 0 0.25
1576203417.0139 0 3 186 1 0 0
1576203417.147245 0 3 186 1 0 0
1576203417.213906 0 3 193.5 1 1 4.75
1576203417.34783 0 3 198 1 1 2.5
1576203417.480556 0 3 199.2 1 1 0.75
1576203417.613905 0 3 199.5 1 1 0.25
1576203417.680608 0 3 199.7 1 0 0
1576203417.813946 0 3 205 1 1 3.5
1576203417.947234 0 3 215.1 1 1 5.75
1576203418.080623 0 3 226.4 1 1 6
1576203418.213917 0 3 237.7 1 1 6
1576203418.347239 0 3 248.8 1 1 5.75
1576203418.413903 0 3 252 1 1 1.5
1576203418.547363 0 3 252.5 1 1 0.25
1576203418.6806 0 3 245.9 1 0 3.75
1576203418.813911 0 3 242.8 1 0 2
1576203418.947379 0 3 242 1 0 0.25
1576203419.147238 0 3 234 1 0 5
1576203419.213927 0 3 231.8 1 0 0
1576203419.280573 0 3 232.2 1 1 0.25
1576203419.413921 0 3 226.1 1 0 3.5
1576203419.48067 0 3 224.8 1 0 0
1576203419.613899 0 3 218 1 0 4.5
1576203419.747383 0 3 215.6 1 0 1.5
1576203419.880677 0 3 215.5 1 0 0
1576203420.013902 0 3 215.9 1 0 0
1576203420.147454 0 3 216.8 1 1 0.25
1576203420.213907 0 3 216.9 1 0 0
1576203420.347299 0 3 216.9 1 0 0
1576203420.480574 0 3 214.5 1 0 1
1576203420.613935 0 3 213.4 1 0 1
1576203420.747233 0 3 213.3 1 0 0
1576203420.813926 0 3 213.3 1 0 0
1576203420.947351 0 3 215.3 1 1 0.75
1576203421.080683 0 3 216.7 1 1 1
1576203421.213923 0 3 216.8 1 0 0
1576203421.347635 0 3 210.6 1 0 3.25
1576203421.413906 0 3 208.2 1 0 1.5
1576203421.547267 0 3 208.2 1 0 0
1576203421.747418 0 3 200 1 0 5
1576203421.81392 0 3 193.1 1 0 4
1576203421.947237 0 3 190.9 1 0 1.5
1576203422.013891 0 3 188.9 1 0 1.25
1576203422.147368 0 3 188.9 1 0 0
1576203422.280588 0 3 188.9 1 0 0
1576203422.413893 0 3 181.3 1 0 4.75
1576203422.547398 0 3 171.8 1 0 5.75
1576203422.61396 0 3 166.5 1 0 2.25
1576203422.747281 0 3 157.5 1 0 5.25
1576203422.880563 0 3 148.1 1 0 5.25
1576203423.013926 0 3 138 1 0 5.25
1576203423.147247 0 3 127.6 1 0 5.25
1576203423.213927 0 3 116.9 1 0 5.75
1576203423.347372 0 3 107.5 1 0 4.75
1576203423.480587 0 3 98.6 1 0 5.25
1576203423.613914 0 3 89.8 1 0 4.75
1576203423.74734 0 3 87.6 1 0 1
1576203423.947329 0 3 75.1 1 0 2
1576203424.080573 0 3 75.1 1 0 0
1576203424.213902 0 3 66.8 1 0 5.25
1576203424.347287 0 3 57.1 1 0 5.25
1576203424.413983 0 3 51.3 1 0 2.5
1576203424.547435 0 3 41.8 1 0 5.25
1576203424.680573 0 3 33.1 1 0 4.5
1576203424.813973 0 3 30.2 1 0 2
1576203425.013901 0 3 26.8 1 0 0.25
1576203425.147257 0 3 26.9 1 0 0
1576203425.28057 0 3 22.2 1 0 2.75
1576203425.413944 0 3 21.5 1 0 0.75
1576203425.54723 0 3 21.6 1 0 0
1576203425.613939 0 3 16.2 1 0 3.5
1576203425.747385 0 3 15.4 1 0 1.25
1576203425.880621 0 3 16.3 1 1 0.25
1576203426.013904 0 3 22.3 1 1 3.75
1576203426.147383 0 3 24 1 1 1.5
1576203426.213953 0 3 24.4 1 0 0
1576203426.347284 0 3 24.4 1 0 0
1576203426.48057 0 3 24.4 1 0 0
1576203426.613955 0 3 24.4 1 0 0
1576203426.747312 0 3 29.3 1 1 3.25
1576203426.947445 0 3 29.9 1 0 0
1576203427.080573 0 3 29.9 1 0 0
1576203427.213917 0 3 29.9 1 0 0
1576203427.347382 0 3 29.9 1 0 0
1576203427.413927 0 3 22.9 1 0 4.5
1576203427.547238 0 3 20.2 1 0 1
1576203427.680634 0 3 20.1 1 0 0
1576203427.813905 0 3 13.2 1 0 4
1576203427.947297 0 3 12.1 1 0 1.5
1576203428.013927 0 3 12.8 1 0 0.25
1576203428.147369 0 3 13 1 0 0
1576203428.280578 0 3 13 1 0 0
1576203428.413933 0 3 13 1 0 0
1576203428.547381 0 3 13 1 0 0
1576203428.613898 0 3 13 1 0 0
1576203428.88059 0 3 13 1 0 0
1576203429.013901 0 3 11.4 1 0 1
1576203429.147261 0 3 11.4 1 0 0
1576203429.213897 0 3 9.9 1 0 1
1576203429.347458 0 3 9.9 1 0 0
1576203429.480571 0 3 9.9 1 0 0
1576203429.61395 0 3 11.9 1 1 1
1576203429.74743 0 3 13.1 1 1 0.75
1576203429.813929 0 3 13.1 1 0 0
1576203429.947239 0 3 13.1 1 0 0
1576203430.080708 0 3 13.1 1 0 0
1576203430.21391 0 3 6.3 1 0 4
1576203430.347257 0 3 4.4 1 0 2
1576203430.413898 0 3 4.9 1 0 0.25
1576203430.547404 0 3 4.9 1 0 0
1576203430.680569 0 3 2.9 0 0 5
1576203430.813925 0 3 4.9 0 0 0
1576203430.947412 0 3 4.5 0 0 1
1576203431.013922 0 3 4.9 0 0 0
1576203431.147234 0 3 4.8 0 0 0
1576203431.28057 0 3 4.8 0 0 0
1576203431.413901 0 3 2.3 1 1 4.75
1576203431.547249 0 3 7.3 1 1 2.5
1576203431.613895 0 3 8.9 1 0 0
1576203431.747472 0 3 9.2 1 0 0
1576203431.880577 0 3 2.5 1 0 3.5
1576203432.014013 0 3 0.5 1 0 2
1576203432.147392 0 3 6.9 0 0 5.25
1576203432.213928 0 3 16.1 0 0 5.25
1576203432.347278 0 3 20.5 0 0 2.25
1576203432.480618 0 3 15 0 1 3.5
1576203432.613899 0 3 12.8 0 1 1.5
1576203432.747236 0 3 13.1 0 0 0
1576203432.813899 0 3 13 0 0 0
1576203433.013891 0 3 4.9 0 1 5
1576203433.080626 0 3 3.4 1 1 5
1576203433.213907 0 3 12.3 1 1 5.25
1576203433.347439 0 3 21.1 1 1 5
1576203433.414021 0 3 23.6 1 1 1.25
1576203433.547238 0 3 31.7 1 1 5
1576203433.680574 0 3 36.1 1 1 2.5
1576203433.81394 0 3 37.2 1 1 0.75
1576203433.947238 0 3 37.3 1 0 0
1576203434.013898 0 3 31.3 1 0 3.5
1576203434.147451 0 3 26.2 1 0 2.5
1576203434.280572 0 3 25 1 0 0
1576203434.413914 0 3 16.9 1 0 5
1576203434.547345 0 3 7.5 1 0 5
1576203434.613931 0 3 1.2 1 0 2.75
1576203434.747224 0 3 8 0 0 6
1576203434.880627 0 3 17.6 0 0 5.25
1576203435.013901 0 3 27.5 0 0 5.75
1576203435.147237 0 3 31.7 0 0 2.25
1576203435.213893 0 3 32 0 0 0.25
1576203435.347378 0 3 32 0 0 0
1576203435.480579 0 3 25.3 0 1 4
1576203435.613906 0 3 15.9 0 1 5.25
1576203435.747442 0 3 11.5 0 1 1.5
1576203435.813931 0 3 2.5 0 1 5.25
1576203435.947237 0 3 2.7 1 1 3.25
1576203436.080587 0 3 4.3 1 1 1
1576203436.213912 0 3 12.6 1 1 5.25
1576203436.347239 0 3 18.4 1 1 3.25
1576203436.413943 0 3 20.1 1 1 1
1576203436.547343 0 3 22.1 1 1 1.25
1576203436.680601 0 3 21.9 1 0 0
1576203436.813905 0 3 21.9 1 0 0
1576203436.947539 0 3 20.1 1 0 1
1576203437.013898 0 3 18.9 1 0 1
1576203437.147224 0 3 18.9 1 0 0
1576203437.28058 0 3 11.1 1 0 4.75
1576203437.413988 0 3 9.2 1 0 2
1576203437.547236 0 3 9.6 1 0 0.25
1576203437.613897 0 3 1.9 1 0 5
1576203437.747608 0 3 1.3 0 0 2.25
1576203437.880561 0 3 4.5 0 0 2.5
1576203438.013903 0 3 4.6 0 0 1
1576203438.147401 0 3 4 0 0 0
1576203438.213885 0 3 1.9 0 1 1.25
1576203438.347297 0 3 1 0 1 0.25
1576203438.480633 0 3 1 0 0 0
1576203438.613913 0 3 6.6 1 1 5.25
1576203438.747237 0 3 8.6 1 1 2
1576203438.813893 0 3 8.3 1 0 0
1576203438.947422 0 3 8.1 1 0 0
1576203439.080654 0 3 12.4 1 1 2.25
1576203439.213913 0 3 13.1 1 0 0
1576203439.347394 0 3 13.2 1 0 0
1576203439.480572 0 3 10.4 1 0 1.5
1576203439.547271 0 3 10.2 1 0 0
1576203439.680566 0 3 10.1 1 0 0
1576203439.947231 0 3 8.9 1 0 0
1576203440.014052 0 3 8.9 1 0 0
1576203440.147372 0 3 6.1 1 0 1.5
1576203440.280587 0 3 6.3 1 0 0
1576203440.413963 0 3 6.2 1 0 0
1576203440.547535 0 3 9 1 1 2
1576203440.613928 0 3 9.9 1 0 0
1576203440.747336 0 3 9.9 1 0 0
1576203440.880572 0 3 8 1 0 1
1576203441.01395 0 3 7.2 1 0 0.25
1576203441.147238 0 3 6.9 1 0 0
1576203441.280593 0 3 6.8 1 0 0
1576203441.347362 0 3 6.8 1 0 0
1576203441.480668 0 3 6.8 1 0 0
1576203441.613908 0 3 2.3 1 0 2.75
1576203441.747507 0 3 1.5 1 0 1
1576203441.88059 0 3 2.1 1 0 0
1576203441.947342 0 3 3.4 1 1 0.75
1576203442.080572 0 3 3.9 1 0 0
1576203442.213955 0 3 3.9 1 0 0
1576203442.347247 0 3 11.3 1 1 4.75
1576203442.480571 0 3 13.2 1 1 2
1576203442.547422 0 3 13.1 1 1 0.25
1576203442.680624 0 3 9.9 1 0 2
1576203442.813921 0 3 9.1 1 0 0.25
1576203442.947338 0 3 9 1 0 0
1576203443.080597 0 3 1.4 1 0 5
1576203443.147258 0 3 0.3 0 0 2.5
1576203443.280562 0 3 0.3 0 0 0
1576203443.413943 0 3 1.5 0 0 2.5
1576203443.547243 0 3 1.6 0 0 1
1576203443.680595 0 3 1.2 1 1 2
1576203443.880778 0 3 2.1 1 0 0
1576203444.013911 0 3 9.9 1 1 4.75
1576203444.147368 0 3 12.9 1 0 0
1576203444.213929 0 3 13.1 1 0 0
1576203444.347266 0 3 11.6 1 0 0.75
1576203444.480572 0 3 11.2 1 0 0.25
1576203444.613933 0 3 11.2 1 0 0
1576203444.880574 0 3 6.6 1 0 0.75
1576203444.947384 0 3 6.8 1 0 0
1576203445.080611 0 3 6.8 1 0 0
1576203445.213894 0 3 6.8 1 0 0
1576203445.347439 0 3 6.8 1 0 0
1576203445.413896 0 3 4.3 1 0 1.5
1576203445.547274 0 3 4.2 1 0 0
1576203445.680585 0 3 4.1 1 0 0
1576203445.813921 0 3 1.7 0 0 4
1576203445.947297 0 3 2.7 0 0 1.25
1576203446.08058 0 3 2 0 0 0
1576203446.147431 0 3 2.5 0 0 0.25
1576203446.280631 0 3 1.4 1 1 2.5
1576203446.413902 0 3 2.1 1 1 0.75
1576203446.547493 0 3 2 1 0 0
1576203446.680563 0 3 9.3 1 1 4.5
1576203446.747245 0 3 10.3 1 0 0
1576203446.880571 0 3 10 1 0 0.25
1576203447.013903 0 3 16.5 1 1 4.5
1576203447.147254 0 3 17.8 1 0 0
1576203447.280557 0 3 18.3 1 1 0.25
1576203447.347381 0 3 14.8 1 0 2
1576203447.480591 0 3 13.8 1 0 0.75
1576203447.880652 0 3 13.9 1 0 0
1576203447.947243 0 3 7.1 1 0 4
1576203448.080567 0 3 4.1 1 0 2.75
1576203448.347268 0 3 3.9 1 0 1.25
1576203448.480567 0 3 2.4 0 0 5
1576203448.547388 0 3 6.6 0 0 2.5
1576203448.68057 0 3 7.4 0 0 0
1576203448.813927 0 3 6 0 1 0.75
1576203448.94735 0 3 5.2 0 1 0.25
1576203449.080574 0 3 5.2 0 0 0
1576203449.147238 0 3 2.8 1 1 5.25
1576203449.280572 0 3 5.7 1 1 2.5
1576203449.413905 0 3 5.6 1 0 0
1576203449.547255 0 3 12.8 1 1 5
1576203449.747396 0 3 16.2 1 0 0
1576203449.880575 0 3 12.8 1 0 2.25
1576203450.013933 0 3 12 1 0 0.25
1576203450.147384 0 3 12 1 0 0
1576203450.280583 0 3 5.2 1 0 4.5
1576203450.347297 0 3 3.7 1 0 2.25
1576203450.480645 0 3 4 1 0 1
1576203450.613906 0 3 2 0 0 5
1576203450.747313 0 3 3.7 0 0 3.5
1576203450.880557 0 3 3.6 0 0 2
1576203450.94752 0 3 3.8 0 0 1.5
1576203451.080564 0 3 3.5 0 0 1
1576203451.213919 0 3 2.9 0 0 0
1576203451.347365 0 3 2.9 0 0 0
1576203451.480601 0 3 4.3 1 1 4.75
1576203451.547239 0 3 6.5 1 1 2.25
1576203451.680567 0 3 6.4 1 0 0
1576203451.813903 0 3 7 1 1 0.75
1576203451.947288 0 3 6.9 1 0 0
1576203452.080568 0 3 6.9 1 0 0
1576203452.147415 0 3 7.9 1 1 0.25
1576203452.280575 0 3 7.9 1 0 0
1576203452.413935 0 3 7.9 1 0 0
1576203452.547394 0 3 5.2 1 0 1.25
1576203452.747257 0 3 4 1 0 0
1576203452.880586 0 3 3.7 0 0 5.25
1576203453.013951 0 3 5.3 0 0 2.5
1576203453.147257 0 3 5.1 0 0 1.25
1576203453.280571 0 3 8.1 0 0 2.75
1576203453.347393 0 3 8.6 0 0 1.25
1576203453.480568 0 3 8.1 0 0 0.25
1576203453.613934 0 3 1.2 0 1 4
1576203453.747327 0 3 1.3 1 1 2
1576203453.880664 0 3 1.3 1 1 0.25
1576203453.94724 0 3 9.1 1 1 5
1576203454.080651 0 3 12.2 1 1 2
1576203454.213902 0 3 12.5 1 1 0.75
1576203454.347305 0 3 19.8 1 1 4.5
1576203454.480571 0 3 22.8 1 1 2
1576203454.547344 0 3 23.1 1 1 0.25
1576203454.680568 0 3 28.5 1 1 3.5
1576203454.813934 0 3 29.3 1 1 1
1576203454.947347 0 3 29.1 1 0 0
1576203455.080577 0 3 23 1 0 3.5
1576203455.147226 0 3 16 1 0 3.5
1576203455.280586 0 3 14 1 0 0
1576203455.413904 0 3 14.2 1 0 0
1576203455.547273 0 3 14.8 1 1 0.25
1576203455.680578 0 3 14.8 1 0 0
1576203455.747446 0 3 15.9 1 1 0.75
1576203455.880571 0 3 15.8 1 0 0
1576203456.013997 0 3 15.8 1 0 0
1576203456.147353 0 3 15.8 1 0 0
1576203456.280602 0 3 15.8 1 0 0
1576203456.347251 0 3 15.8 1 0 0
1576203456.480565 0 3 15.8 1 0 0
1576203456.613906 0 3 11 1 0 2.5
1576203456.747319 0 3 9.7 1 0 1
1576203456.880563 0 3 10 1 0 0
1576203456.947426 0 3 8.8 1 0 0.75
1576203457.080569 0 3 8.9 1 0 0
1576203457.213918 0 3 8.6 1 0 0
1576203457.347383 0 3 8.6 1 0 0
1576203457.480572 0 3 5.7 1 0 2
1576203457.54729 0 3 4.8 1 0 0.75
1576203457.680601 0 3 1.7 0 0 4
1576203457.81392 0 3 3.2 0 0 2
1576203457.947304 0 3 3 0 0 1
1576203458.080563 0 3 2.1 1 1 3.25
1576203458.147357 0 3 3.1 1 1 0.75
1576203458.280644 0 3 3 1 0 0
1576203458.414002 0 3 3.1 1 0 0
1576203458.547367 0 3 11.1 1 1 5
1576203458.680572 0 3 15.7 1 1 2.5
1576203458.747237 0 3 23.8 1 1 5
1576203458.880634 0 3 25.9 1 0 0
1576203459.013956 0 3 25.8 1 0 0
1576203459.147251 0 3 19.3 1 0 4
1576203459.280566 0 3 14.9 1 0 2.25
1576203459.347625 0 3 13.8 1 0 0.75
1576203459.48057 0 3 5.4 1 0 5.25
1576203459.613906 0 3 0.4 0 0 3.5
1576203459.747452 0 3 2.2 0 0 1
1576203459.880571 0 3 10.5 0 0 5.25
1576203459.947238 0 3 13.3 0 0 1.5
1576203460.080566 0 3 13.3 0 0 0.25
1576203460.213908 0 3 6.2 0 1 3.75
1576203460.347235 0 3 1.9 0 1 2.25
1576203460.480578 0 3 0.7 0 1 0.75
1576203460.54736 0 3 7.8 1 1 5.75
1576203460.813921 0 3 17.9 1 0 0
1576203460.947514 0 3 17.6 1 0 0
1576203461.080555 0 3 17.3 1 0 0
1576203461.147237 0 3 17.3 1 0 0
1576203461.280579 0 3 17.3 1 0 0
1576203461.413903 0 3 10 1 0 4.5
1576203461.547237 0 3 6.2 1 0 2
1576203461.680585 0 3 6.2 1 0 0
1576203461.747556 0 3 2.1 0 0 5.75
1576203461.880586 0 3 4.2 0 0 2.25
1576203462.013966 0 3 4 0 0 1
1576203462.147487 0 3 5.3 0 0 1.5
1576203462.280571 0 3 5.3 0 0 0.25
1576203462.347286 0 3 5.1 0 0 0
1576203462.480573 0 3 5.1 0 0 0
1576203462.613923 0 3 1.6 1 1 4.5
1576203462.747239 0 3 3.5 1 1 2
1576203462.880604 0 3 3.5 1 1 0.75
1576203462.947364 0 3 10.5 1 1 4.75
1576203463.080595 0 3 13 1 1 2
1576203463.213901 0 3 13.3 1 0 0
1576203463.347422 0 3 14.7 1 1 0.75
1576203463.480568 0 3 14.6 1 0 0
1576203463.547246 0 3 14.6 1 0 0
1576203463.68056 0 3 7.6 1 0 4
1576203463.813929 0 3 3.1 1 0 2
1576203463.947237 0 3 1.9 1 0 0.75
1576203464.08062 0 3 6.2 0 0 5.25
1576203464.147418 0 3 8.1 0 0 2
1576203464.280627 0 3 0.1 1 1 5
1576203464.413926 0 3 2.4 1 1 2
1576203464.547475 0 3 2.2 1 1 0.25
1576203464.680581 0 3 10 1 1 5
1576203464.747248 0 3 17.7 1 1 4.5
1576203464.880567 0 3 20 1 0 0
1576203465.013936 0 3 20.1 1 0 0
1576203465.147236 0 3 13.7 1 0 3.5
1576203465.280603 0 3 9.2 1 0 2.25
1576203465.347393 0 3 8 1 0 0.25
1576203465.480568 0 3 5.7 1 0 1.5
1576203465.747475 0 3 5.9 1 0 0
1576203465.880569 0 3 5 1 0 0.25
1576203465.947239 0 3 5 1 0 0
1576203466.080622 0 3 5 1 0 0
1576203466.213942 0 3 0.2 1 0 3.25
1576203466.347237 0 3 0.9 0 0 1.5
1576203466.480608 0 3 0.1 0 0 0.75
1576203466.547353 0 3 2.8 0 0 1.5
1576203466.680633 0 3 3.2 0 0 0.25
1576203466.813901 0 3 3 0 0 0
1576203466.947501 0 3 0.3 1 1 2.25
1576203467.147297 0 3 1 1 0 0
1576203467.280569 0 3 1 1 0 0
1576203467.413954 0 3 8.4 1 1 4.5
1576203467.547296 0 3 9.8 1 0 0
1576203467.680615 0 3 5.8 1 0 2
1576203467.74737 0 3 4.1 1 0 0.75
1576203468.280571 0 3 3.7 1 0 0
1576203468.347299 0 3 0.5 0 0 3.25
1576203468.480566 0 3 6.6 1 1 4.75
1576203468.613932 0 3 15.6 1 1 5
1576203468.747236 0 3 19.9 1 1 2
1576203468.880591 0 3 20.4 1 0 0
1576203468.947341 0 3 24.2 1 1 2.5
1576203469.080565 0 3 24.9 1 0 0
1576203469.213913 0 3 25 1 0 0
1576203469.347432 0 3 18.5 1 0 3.5
1576203469.480581 0 3 13.5 1 0 2.5
1576203469.547235 0 3 4.6 1 0 5.25
1576203469.680609 0 3 5.2 0 0 6
1576203469.81394 0 3 9.7 0 0 2
1576203469.947243 0 3 12.4 0 0 1.5
1576203470.080573 0 3 12.2 0 0 0
1576203470.147353 0 3 12.2 0 0 0
1576203470.280616 0 3 7.9 0 1 2.75
1576203470.413908 0 3 6.1 0 1 1.25
1576203470.547367 0 3 6.9 0 0 0
1576203470.680568 0 3 0.3 1 1 4.75
1576203470.747272 0 3 2.3 1 1 3.25
1576203470.880567 0 3 2 1 0 0
1576203471.013938 0 3 6.8 1 1 3.5
1576203471.147238 0 3 7.7 1 1 2
1576203471.280622 0 3 7.6 1 0 0
1576203471.347381 0 3 6.4 1 0 0.25
1576203471.613902 0 3 5.9 1 0 0
1576203471.747476 0 3 9.3 1 1 2
1576203471.88062 0 3 9.9 1 0 0
1576203471.947258 0 3 10 1 0 0
1576203472.080573 0 3 15.5 1 1 3.5
1576203472.213933 0 3 16.2 1 0 0
1576203472.347239 0 3 16 1 0 0
1576203472.480638 0 3 13.2 1 0 1.5
1576203472.547378 0 3 11.8 1 0 1
1576203472.680646 0 3 11.8 1 0 0
1576203472.813908 0 3 4.2 1 0 4.75
1576203472.947469 0 3 2.7 1 0 2.25
1576203473.080557 0 3 2.7 1 0 1.25
1576203473.14728 0 3 3.5 1 0 0.25
1576203473.280573 0 3 4 1 0 0
1576203473.413903 0 3 4 1 0 0
1576203473.547242 0 3 4.9 1 0 0
1576203473.680615 0 3 4.8 1 0 0
1576203473.747384 0 3 4.8 1 0 0
1576203473.880597 0 3 11.9 1 1 4
1576203474.013915 0 3 13.5 1 1 1.5
1576203474.147489 0 3 13.2 1 0 0.25
1576203474.280624 0 3 13.7 1 1 0.25
1576203474.347255 0 3 13.7 1 0 0
1576203474.480672 0 3 13.8 1 0 0
1576203474.613904 0 3 13.7 1 0 0
1576203474.747238 0 3 13.8 1 0 0
1576203474.880634 0 3 13.7 1 0 0
1576203474.947317 0 3 13.8 1 0 0
1576203475.080601 0 3 6.9 1 0 4
1576203475.213946 0 3 0 0 0 4
1576203475.347485 0 3 0.3 0 1 0.75
1576203475.480583 0 3 0.5 0 0 0
1576203475.547276 0 3 0.3 0 0 0
1576203475.680574 0 3 0.3 0 0 0
1576203475.813956 0 3 7.5 0 0 4.5
1576203476.080602 0 3 17.8 0 0 0
1576203476.14739 0 3 11.7 0 1 3.75
1576203476.280606 0 3 8.2 0 1 2
1576203476.413965 0 3 7.5 0 1 0.25
1576203476.547358 0 3 0.1 1 1 5.25
1576203476.747293 0 3 4.5 1 1 0.75
1576203476.880609 0 3 12 1 1 4.75
1576203477.013902 0 3 15.5 1 1 2.25
1576203477.147251 0 3 16.1 1 1 0.25
1576203477.280589 0 3 13.5 1 0 1.25
1576203477.347431 0 3 12.2 1 0 0.75
1576203477.480571 0 3 11.9 1 0 0
1576203477.613955 0 3 4.1 1 0 4.75
1576203477.747367 0 3 1.5 1 0 2
1576203477.880572 0 3 1.7 1 0 0.25
1576203477.94722 0 3 1.8 1 0 0
1576203478.080595 0 3 1.8 1 0 0
1576203478.21391 0 3 1.8 1 0 0
1576203478.347239 0 3 8.6 1 1 4
1576203478.480573 0 3 13 1 1 2.25
1576203478.547373 0 3 14.2 1 1 0.75
1576203478.680568 0 3 20.4 1 1 3.75
1576203478.813942 0 3 21.3 1 1 1.25
1576203478.947393 0 3 21 1 0 0
1576203479.080571 0 3 20.6 1 0 0
1576203479.147296 0 3 20.2 1 0 0.25
1576203479.28068 0 3 20.2 1 0 0
1576203479.413927 0 3 12.7 1 0 4.75
1576203479.547249 0 3 3.9 1 0 5
1576203479.680568 0 3 1.2 1 0 1.25
1576203479.747582 0 3 0.8 1 0 0.25
1576203479.880568 0 3 7.2 0 0 5.25
1576203480.013941 0 3 10 0 0 2.5
1576203480.147346 0 3 10.2 0 0 1.25
1576203480.280587 0 3 9.2 0 0 0
1576203480.347241 0 3 16.2 0 0 4.5
1576203480.480674 0 3 17.8 0 0 2
1576203480.613902 0 3 17.8 0 0 0
1576203480.74726 1 3 9.8 0 1 4.75
1576203480.880572 1 3 2.7 0 1 3.75
1576203480.947399 1 3 0.7 0 1 1.25
1576203481.080566 1 3 6.9 1 1 5
1576203481.213959 1 3 8.5 1 1 2
1576203481.347378 0 3 8.4 1 0 0.25
1576203481.480601 0 3 15.3 1 1 4.5
1576203481.680599 0 3 22.1 1 1 1
1576203481.8139 0 3 20.3 1 0 1
1576203481.947253 0 3 19.3 1 0 0.75
1576203482.080569 0 3 19 1 0 0
1576203482.147465 0 3 16.2 1 0 2
1576203482.280571 0 3 16.3 1 0 0
1576203482.413949 0 3 16.3 1 0 0
1576203482.54745 0 3 11.2 1 0 3.25
1576203482.680576 0 3 10.9 1 0 1
1576203482.747276 0 3 6 1 0 2.75
1576203482.88057 0 3 5 1 0 1.25
1576203483.013941 0 3 5.4 1 0 0.75
1576203483.147236 0 3 5.8 1 0 0
1576203483.280581 0 3 5.8 1 0 0
1576203483.347347 0 3 5.8 1 0 0
1576203483.480585 0 3 5.8 1 0 0
1576203483.613899 0 3 9.5 1 1 2.5
