1576203299.347367 2 1050.89 2
1576203299.747598 2 1051.18 2
1576203300.080601 2 1051.43 2
1576203300.413911 2 1051.18 2
1576203300.88058 2 1051.18 2
1576203301.213963 2 1051.18 2
1576203301.547256 2 1051.18 2
1576203301.88058 2 1051.18 2
1576203302.214068 2 1051.18 2
1576203302.547446 2 1051.18 2
1576203303.080572 2 1051.45 2
1576203303.34743 2 1050.34 2
1576203303.747343 2 1048.94 2
1576203304.147554 2 1049.40 2
1576203304.61393 2 1049.58 2
1576203304.880662 2 1046.44 2
1576203305.280584 2 1035.50 2
1576203305.613988 2 1013.60 2
1576203305.947242 2 1019.46 2
1576203306.280681 2 1020.12 2
1576203306.680596 2 1015.68 2
1576203306.947479 2 1007.76 2
1576203307.413903 2 1003.52 2
1576203307.680649 2 1001.80 2
1576203308.013905 2 1004.12 2
1576203308.48063 2 1000.43 2
1576203308.88058 2 1002.10 2
1576203309.21393 2 1010.37 2
1576203309.547297 2 1014.73 2
1576203309.880641 2 1013.91 2
1576203310.213965 2 1009.17 2
1576203310.547347 2 1003.81 2
1576203310.813955 2 1002.92 2
1576203311.147303 2 1002.36 2
1576203311.547244 2 1000.54 2
1576203311.947337 2 1003.86 2
1576203312.347301 2 1009.62 2
1576203312.747249 2 1016.10 2
1576203313.147404 2 1019.24 2
1576203313.480573 2 1018.09 2
1576203313.747422 2 1013.49 2
1576203314.147474 2 1006.75 2
1576203314.480572 2 1006.90 2
1576203314.813927 2 1010.42 2
1576203315.080586 2 1011.47 2
1576203315.480611 2 1008.08 2
1576203315.813938 2 1005.12 2
1576203316.147409 2 1003.48 2
1576203316.480628 2 1003.74 2
1576203316.880579 2 1003.44 2
1576203317.213926 2 1002.11 2
1576203317.613987 2 1002.19 2
1576203318.013909 2 1006.31 2
1576203318.347243 2 1008.42 2
1576203318.680563 2 1007.76 2
1576203319.080593 2 1004.69 2
1576203319.413938 2 1005.02 2
1576203319.747383 2 1005.75 2
1576203320.147465 2 1004.61 2
1576203320.480671 2 999.46 2
1576203320.813931 2 1000.13 2
1576203321.147259 2 1001.98 2
1576203321.480575 2 999.18 2
1576203321.813912 2 994.44 2
1576203322.147403 2 991.98 2
1576203322.480702 2 990.87 2
1576203322.813915 2 993.14 2
1576203323.147336 2 1000.58 2
1576203323.413946 2 999.34 2
1576203323.813909 2 998.84 2
1576203324.14735 2 998.79 2
1576203324.547574 2 994.12 2
1576203324.813983 2 998.23 2
1576203325.147295 2 1005.18 2
1576203325.547295 2 1005.14 2
1576203325.880619 2 997.04 2
1576203326.347253 2 998.63 2
1576203326.747312 2 1001.96 2
1576203327.080626 2 1006.55 2
1576203327.480657 2 1011.85 2
1576203327.81391 2 1011.14 2
1576203328.147479 2 1008.11 2
1576203328.547369 2 1005.23 2
1576203328.88066 2 1007.84 2
1576203329.280575 2 1007.24 2
1576203329.680577 2 1000.81 2
1576203330.013966 2 998.78 2
1576203330.280622 2 1003.64 2
1576203330.613919 2 1001.24 2
1576203330.947533 2 1004.55 2
1576203331.213908 2 1007.79 2
1576203331.547363 2 1004.51 2
1576203331.880623 2 1004.42 2
1576203332.213903 2 1008.49 2
1576203332.547348 2 1010.95 2
1576203332.947347 2 1010.52 2
1576203333.280575 2 1009.24 2
1576203333.613915 2 1006.19 2
1576203334.013912 2 1005.67 2
1576203334.347252 2 1002.96 2
1576203334.680577 2 998.28 2
1576203335.013957 2 994.48 2
1576203335.347656 2 998.28 2
1576203335.747356 2 1002.96 2
1576203336.080698 2 1007.34 2
1576203336.547429 2 1004.26 2
1576203336.880576 2 1001.29 2
1576203337.213907 2 998.80 2
1576203337.547268 2 1009.03 2
1576203337.947298 2 998.95 2
1576203338.280584 2 994.25 2
1576203338.680675 2 1000.79 2
1576203339.013896 2 1001.10 2
1576203339.347384 2 1015.32 2
1576203339.747351 2 1011.75 2
1576203340.080585 2 1003.65 2
1576203340.413996 2 1007.12 2
1576203340.747341 2 1012.95 2
1576203341.147249 2 1022.52 2
1576203341.480611 2 1021.30 2
1576203341.747486 2 1023.22 2
1576203342.147363 2 1027.46 2
1576203342.480625 2 1025.35 2
1576203342.880594 2 1024.28 2
1576203343.280576 2 1018.96 2
1576203343.613996 2 1009.97 2
1576203344.013904 2 1013.43 2
1576203344.413909 2 1021.27 2
1576203344.680576 2 1029.38 2
1576203345.013945 2 1030.10 2
1576203345.347592 2 1032.31 2
1576203345.747508 2 1041.04 2
1576203346.014041 2 1039.64 2
1576203346.41395 2 1043.00 2
1576203346.747348 2 1047.90 2
1576203347.21393 2 1058.51 2
1576203347.614016 2 1047.71 2
1576203347.94728 2 1057.08 2
1576203348.280571 2 1064.38 2
1576203348.613943 2 1067.34 2
1576203349.013908 2 1069.12 2
1576203349.28073 2 1078.89 2
1576203349.680579 2 1085.73 2
1576203350.014069 2 1089.20 2
1576203350.413927 2 1097.75 2
1576203350.813919 2 1103.19 2
1576203351.213989 2 1112.97 2
1576203351.547292 2 1104.51 2
1576203351.880602 2 1143.04 2
1576203352.280663 2 1147.91 2
1576203352.680589 2 1169.84 2
1576203353.014016 2 1190.73 2
1576203353.347473 2 1203.76 2
1576203353.813939 2 1237.97 2
1576203354.08062 2 1268.98 2
1576203354.480595 2 1287.28 2
1576203354.947387 2 1314.86 2
1576203355.347353 2 1344.23 2
1576203355.614015 2 1356.71 2
1576203356.013978 2 1351.04 2
1576203356.413909 2 1351.36 2
1576203356.747483 2 1357.48 2
1576203357.013936 2 1357.02 2
1576203357.413903 2 1429.16 2
1576203357.747471 2 1414.88 2
1576203358.147383 2 1391.83 2
1576203358.547439 2 1357.33 2
1576203358.880603 2 1336.40 2
1576203359.213949 2 1302.35 2
1576203359.547281 2 1268.60 2
1576203359.880619 2 1246.69 2
1576203360.213964 2 1214.54 2
1576203360.613975 2 1187.12 2
1576203360.880631 2 1160.38 2
1576203361.28068 2 1140.66 2
1576203361.613974 2 1122.74 2
1576203362.080592 2 1094.95 2
1576203362.413906 2 1077.75 2
1576203362.81393 2 1069.67 2
1576203363.147283 2 1067.08 2
1576203363.547418 2 1064.99 2
1576203363.813983 2 1065.29 2
1576203364.214049 2 1057.97 2
1576203364.613911 2 1060.10 2
1576203364.880661 2 1056.32 2
1576203365.347343 2 1055.27 2
1576203365.680608 2 1052.76 2
1576203366.080582 2 1049.96 2
1576203366.413924 2 1043.02 2
1576203366.747248 2 1037.38 2
1576203367.080629 2 1036.83 2
1576203367.480624 2 1040.09 2
1576203367.880579 2 1034.52 2
1576203368.280606 2 1041.63 2
1576203368.613936 2 1026.38 2
1576203368.880649 2 1014.27 2
1576203369.280648 2 1008.27 2
1576203369.613908 2 994.12 2
1576203369.880582 2 990.05 2
1576203370.213909 2 987.40 2
1576203370.613911 2 993.21 2
1576203370.947872 2 996.13 2
1576203371.34737 2 995.48 2
1576203371.747677 2 1001.41 2
1576203372.013909 2 1011.75 2
1576203372.413939 2 1012.32 2
1576203372.880578 2 1007.48 2
1576203373.213952 2 1012.84 2
1576203373.613945 2 1013.73 2
1576203373.947233 2 1005.38 2
1576203374.347244 2 1003.45 2
1576203374.680599 2 999.94 2
1576203375.013897 2 995.93 2
1576203375.347456 2 1001.54 2
1576203375.747415 2 1003.93 2
1576203376.14745 2 998.05 2
1576203376.547397 2 994.56 2
1576203376.880759 2 986.51 2
1576203377.280622 2 989.02 2
1576203377.613994 2 988.92 2
1576203377.947256 2 995.93 2
1576203378.280631 2 1000.97 2
1576203378.547332 2 1007.76 2
1576203378.947395 2 1001.24 2
1576203379.280667 2 1006.83 2
1576203379.680629 2 1007.29 2
1576203380.080573 2 1003.48 2
1576203380.413904 2 1003.31 2
1576203380.747341 2 993.34 2
1576203381.147297 2 984.10 2
1576203381.54724 2 1000.93 2
1576203381.813957 2 997.47 2
1576203382.147494 2 1000.10 2
1576203382.480588 2 1007.30 2
1576203382.880654 2 1007.51 2
1576203383.213907 2 1015.10 2
1576203383.613993 2 1018.89 2
1576203383.947248 2 1014.10 2
1576203384.347344 2 1009.67 2
1576203384.747261 2 992.07 2
1576203385.080616 2 999.38 2
1576203385.480602 2 1006.96 2
1576203385.747414 2 1009.74 2
1576203386.147391 2 1010.50 2
1576203386.547445 2 1014.08 2
1576203386.947613 2 1009.96 2
1576203387.347373 2 1002.78 2
1576203387.680591 2 994.87 2
1576203388.013991 2 991.01 2
1576203388.347271 2 981.82 2
1576203388.747242 2 980.31 2
1576203389.147277 2 995.27 2
1576203389.480614 2 1003.67 2
1576203389.813969 2 1008.06 2
1576203390.213897 2 994.00 2
1576203390.54748 2 996.48 2
1576203391.013937 2 1003.74 2
1576203391.347338 2 1000.90 2
1576203391.680661 2 992.39 2
1576203392.080631 2 989.20 2
1576203392.413911 2 993.39 2
1576203392.813945 2 998.39 2
1576203393.14725 2 1009.59 2
1576203393.480625 2 1012.80 2
1576203393.880576 2 1007.31 2
1576203394.214025 2 1001.70 2
1576203394.613909 2 990.91 2
1576203395.013942 2 984.48 2
1576203395.347368 2 994.33 2
1576203395.680622 2 997.52 2
1576203396.014025 2 993.29 2
1576203396.413911 2 1003.61 2
1576203396.747356 2 994.85 2
1576203397.147239 2 1002.36 2
1576203397.547295 2 1020.34 2
1576203397.947286 2 1029.45 2
1576203398.414006 2 1029.45 2
1576203398.813919 2 1029.45 2
1576203399.213926 2 937.75 2
1576203399.614047 2 917.50 2
1576203399.947245 2 925.07 2
1576203400.280677 2 938.99 2
1576203400.680628 2 965.65 2
1576203401.080614 2 1010.59 2
1576203401.41396 2 1012.39 2
1576203401.813941 2 1012.43 2
1576203402.280656 2 1008.69 2
1576203402.613968 2 1007.88 2
1576203403.01397 2 1007.84 2
1576203403.413944 2 1004.39 2
1576203403.680798 2 1000.81 2
1576203404.08058 2 999.05 2
1576203404.413976 2 1000.62 2
1576203404.747288 2 999.04 2
1576203405.213917 2 1003.52 2
1576203405.547244 2 995.91 2
1576203405.947293 2 991.93 2
1576203406.347338 2 991.78 2
1576203406.747244 2 993.87 2
1576203407.1473 2 996.36 2
1576203407.480564 2 998.23 2
1576203407.813991 2 995.54 2
1576203408.147355 2 995.54 2
1576203408.547695 2 994.93 2
1576203408.880594 2 984.96 2
1576203409.214058 2 993.63 2
1576203409.680628 2 998.39 2
1576203410.080577 2 1017.00 2
1576203410.414007 2 1022.10 2
1576203410.74729 2 1029.02 2
1576203411.08058 2 1039.94 2
1576203411.413917 2 1042.32 2
1576203411.747436 2 1043.48 2
1576203412.147375 2 1049.64 2
1576203412.480637 2 1056.68 2
1576203412.880575 2 1070.65 2
1576203413.213913 2 1092.91 2
1576203413.613908 2 1111.57 2
1576203413.94733 2 1120.33 2
1576203414.280578 2 1130.49 2
1576203414.680623 2 1137.51 2
1576203415.080596 2 1137.96 2
1576203415.48058 2 1146.45 2
1576203415.813994 2 1173.53 2
1576203416.14745 2 1179.37 2
1576203416.547328 2 1186.58 2
1576203417.013956 2 1199.35 2
1576203417.347743 2 1199.22 2
1576203417.680572 2 1249.11 2
1576203418.080581 2 1252.66 2
1576203418.413965 2 1242.16 2
1576203418.813984 2 1232.73 2
1576203419.214032 2 1225.37 2
1576203419.480604 2 1215.46 2
1576203419.880622 2 1217.38 2
1576203420.280577 2 1213.02 2
1576203420.747291 2 1217.01 2
1576203421.080612 2 1208.66 2
1576203421.480611 2 1191.81 2
1576203421.813987 2 1189.87 2
1576203422.213907 2 1166.49 2
1576203422.61391 2 1134.86 2
1576203422.947494 2 1106.94 2
1576203423.280578 2 1088.55 2
1576203423.613964 2 1075.39 2
1576203424.013914 2 1050.37 2
1576203424.413941 2 1031.25 2
1576203424.813921 2 1027.06 2
1576203425.080583 2 1022.78 2
1576203425.480581 2 1016.73 2
1576203425.813958 2 1024.42 2
1576203426.213914 2 1024.36 2
1576203426.613905 2 1030.93 2
1576203426.94741 2 1030.22 2
1576203427.28058 2 1020.77 2
1576203427.680592 2 1013.04 2
1576203428.080607 2 1013.27 2
1576203428.34725 2 1013.27 2
1576203428.747259 2 1011.82 2
1576203429.013955 2 1010.18 2
1576203429.413929 2 1013.71 2
1576203429.747481 2 1013.21 2
1576203430.080649 2 1005.40 2
1576203430.48058 2 996.97 2
1576203430.81401 2 995.32 2
1576203431.213917 2 1009.17 2
1576203431.680577 2 1001.80 2
1576203432.013953 2 979.16 2
1576203432.347232 2 987.56 2
1576203432.74729 2 1006.41 2
1576203433.080577 2 1024.40 2
1576203433.41396 2 1037.80 2
1576203433.814011 2 1025.74 2
1576203434.213916 2 1000.14 2
1576203434.547386 2 978.07 2
1576203434.880581 2 968.51 2
1576203435.347344 2 989.20 2
1576203435.613966 2 1004.61 2
1576203436.013936 2 1020.10 2
1576203436.413904 2 1022.30 2
1576203436.747282 2 1019.27 2
1576203437.080583 2 1010.05 2
1576203437.413948 2 999.03 2
1576203437.747543 2 996.70 2
1576203438.080608 2 999.02 2
1576203438.480584 2 1008.67 2
1576203438.947381 2 1013.16 2
1576203439.280614 2 1010.27 2
1576203439.613912 2 1009.92 2
1576203440.013971 2 1006.93 2
1576203440.413915 2 1010.06 2
1576203440.747261 2 1007.74 2
1576203441.080579 2 1007.28 2
1576203441.480616 2 1002.85 2
1576203441.813913 2 1004.07 2
1576203442.147532 2 1013.45 2
1576203442.547379 2 1009.90 2
1576203442.880602 2 1001.09 2
1576203443.213907 2 999.62 2
1576203443.480574 2 1002.59 2
1576203443.880689 2 1013.43 2
1576203444.213892 2 1011.33 2
1576203444.547409 2 1007.34 2
1576203444.947344 2 1007.31 2
1576203445.347378 2 1004.43 2
1576203445.613909 2 998.31 2
1576203446.080636 2 1002.41 2
1576203446.413953 2 1010.81 2
1576203446.813927 2 1018.58 2
1576203447.147315 2 1014.78 2
1576203447.480667 2 1007.87 2
1576203447.880754 2 1005.45 2
1576203448.213909 2 993.23 2
1576203448.613941 2 995.19 2
1576203449.013942 2 1005.54 2
1576203449.347447 2 1016.23 2
1576203449.747342 2 1012.72 2
1576203450.080606 2 1005.13 2
1576203450.413933 2 998.40 2
1576203450.813913 2 997.02 2
1576203451.213971 2 1006.07 2
1576203451.61392 2 1007.79 2
1576203452.013909 2 1008.86 2
1576203452.34726 2 1004.44 2
1576203452.68057 2 996.86 2
1576203453.013906 2 992.25 2
1576203453.413953 2 1001.98 2
1576203453.747374 2 1012.75 2
1576203454.147369 2 1023.53 2
1576203454.480624 2 1029.25 2
1576203454.880579 2 1014.78 2
1576203455.213908 2 1015.21 2
1576203455.613917 2 1016.07 2
1576203456.013946 2 1016.58 2
1576203456.413903 2 1010.39 2
1576203456.747428 2 1009.38 2
1576203457.214014 2 1005.08 2
1576203457.547245 2 998.97 2
1576203457.947252 2 1003.79 2
1576203458.280593 2 1017.63 2
1576203458.613926 2 1026.10 2
1576203459.01391 2 1014.78 2
1576203459.347564 2 998.14 2
1576203459.680586 2 987.74 2
1576203460.013945 2 999.39 2
1576203460.347291 2 1018.85 2
1576203460.747346 2 1017.22 2
1576203461.147326 2 1006.60 2
1576203461.613933 2 997.60 2
1576203462.013919 2 995.47 2
1576203462.347252 2 1003.64 2
1576203462.747294 2 1013.03 2
1576203463.080657 2 1015.18 2
1576203463.480628 2 1002.29 2
1576203463.813998 2 993.70 2
1576203464.147377 2 1002.08 2
1576203464.480584 2 1020.28 2
1576203464.947328 2 1008.52 2
1576203465.347355 2 1006.81 2
1576203465.680573 2 1005.17 2
1576203466.080579 2 1000.87 2
1576203466.413943 2 997.50 2
1576203466.747246 2 1001.78 2
1576203467.14738 2 1009.60 2
1576203467.547247 2 1004.61 2
1576203467.880598 2 999.16 2
1576203468.280617 2 1020.42 2
1576203468.747289 2 1025.75 2
1576203469.080631 2 1012.90 2
1576203469.413907 2 990.57 2
1576203469.747425 2 988.39 2
1576203470.080623 2 993.57 2
1576203470.413976 2 1001.32 2
1576203470.81393 2 1007.81 2
1576203471.147293 2 1006.06 2
1576203471.480586 2 1010.77 2
1576203471.880575 2 1016.82 2
1576203472.280585 2 1012.99 2
1576203472.613911 2 1004.75 2
1576203472.947539 2 1004.14 2
1576203473.347392 2 1005.53 2
1576203473.747347 2 1013.07 2
1576203474.08059 2 1014.14 2
1576203474.480606 2 1014.14 2
1576203474.880748 2 998.24 2
1576203475.213906 2 1000.08 2
1576203475.613994 2 982.61 2
1576203476.013902 2 992.35 2
1576203476.413924 2 1004.13 2
1576203476.747253 2 1016.87 2
1576203477.080631 2 1012.72 2
1576203477.413913 2 1002.25 2
1576203477.813953 2 1001.70 2
1576203478.147358 2 1014.73 2
1576203478.480625 2 1021.29 2
1576203478.880579 2 1020.38 2
1576203479.280636 2 1001.16 2
1576203479.747519 2 991.21 2
1576203480.147392 2 983.73 2
1576203480.480805 2 999.38 2
1576203480.880625 2 1008.11 2
1576203481.214068 2 1022.75 2
1576203481.613932 2 1019.74 2
1576203481.947353 2 1016.52 2
1576203482.280637 2 1011.10 2
1576203482.613917 2 1006.64 2
1576203482.947407 2 1006.86 2
1576203483.413928 2 1010.91 2
