1575453820.853764 2 978.32 2
1575453821.120587 2 970.62 2
1575453821.3871 2 968.39 2
1575453821.653732 2 965.20 2
1575453821.920507 2 966.20 2
1575453822.253799 2 968.92 2
1575453822.520436 2 975.44 2
1575453822.920419 2 980.90 2
1575453823.187124 2 986.32 2
1575453823.520558 2 986.92 2
1575453823.720445 2 982.72 2
1575453824.053734 2 984.89 2
1575453824.32052 2 994.40 2
1575453824.587139 2 1005.16 2
1575453824.853939 2 1013.78 2
1575453825.187127 2 1026.09 2
1575453825.45379 2 1045.22 2
1575453825.787179 2 1064.15 2
1575453826.053908 2 1077.68 2
1575453826.387119 2 1084.72 2
1575453826.720548 2 1097.80 2
1575453826.987175 2 1117.95 2
1575453827.320441 2 1134.00 2
1575453827.587256 2 1138.47 2
1575453827.92057 2 1155.67 2
1575453828.187157 2 1168.69 2
1575453828.453824 2 1175.14 2
1575453828.853731 2 1194.84 2
1575453829.120489 2 1212.27 2
1575453829.453757 2 1218.85 2
1575453829.787108 2 1229.86 2
1575453830.053727 2 1246.76 2
1575453830.320471 2 1259.28 2
1575453830.587157 2 1273.58 2
1575453830.853788 2 1289.17 2
1575453831.187133 2 1301.50 2
1575453831.453781 2 1302.89 2
1575453831.787098 2 1306.33 2
1575453832.053871 2 1298.42 2
1575453832.38712 2 1307.10 2
1575453832.653786 2 1313.81 2
1575453832.920394 2 1314.41 2
1575453833.253848 2 1320.73 2
1575453833.587249 2 1322.73 2
1575453833.92058 2 1322.88 2
1575453834.187096 2 1322.87 2
1575453834.453829 2 1315.71 2
1575453834.78722 2 1303.10 2
1575453835.053741 2 1282.86 2
1575453835.320408 2 1271.28 2
1575453835.587092 2 1255.85 2
1575453835.853781 2 1242.30 2
1575453836.120428 2 1219.85 2
1575453836.387115 2 1192.75 2
1575453836.720865 2 1152.99 2
1575453837.053719 2 1103.07 2
1575453837.320446 2 1062.99 2
1575453837.653774 2 1031.51 2
1575453837.853739 2 1006.27 2
1575453838.187121 2 986.33 2
1575453838.453783 2 973.74 2
1575453838.720589 2 955.68 2
1575453839.053735 2 943.99 2
1575453839.253773 2 944.80 2
1575453839.520534 2 941.76 2
1575453839.853848 2 940.07 2
1575453840.187079 2 942.48 2
1575453840.453786 2 937.82 2
1575453840.720523 2 941.30 2
1575453840.987096 2 949.50 2
1575453841.253792 2 959.56 2
1575453841.587206 2 964.36 2
1575453841.853861 2 966.24 2
1575453842.120434 2 967.27 2
1575453842.453777 2 965.35 2
1575453842.787151 2 958.51 2
1575453843.05381 2 946.57 2
1575453843.387109 2 947.20 2
1575453843.653756 2 952.09 2
1575453843.987079 2 959.29 2
1575453844.253835 2 967.54 2
1575453844.587087 2 966.43 2
1575453844.853734 2 965.45 2
1575453845.120589 2 966.37 2
1575453845.453803 2 968.34 2
1575453845.720427 2 968.18 2
1575453846.053731 2 961.16 2
1575453846.320511 2 960.60 2
1575453846.653855 2 961.57 2
1575453846.987091 2 963.53 2
1575453847.253732 2 965.88 2
1575453847.520514 2 967.28 2
1575453847.787094 2 965.75 2
1575453848.053798 2 967.08 2
1575453848.320903 2 953.12 2
1575453848.653743 2 955.03 2
1575453848.987142 2 963.73 2
1575453849.320423 2 972.33 2
1575453849.520595 2 978.29 2
1575453849.853831 2 978.39 2
1575453850.120395 2 966.51 2
1575453850.387139 2 962.29 2
1575453850.653774 2 961.87 2
1575453850.920393 2 973.68 2
1575453851.253735 2 977.39 2
1575453851.520638 2 978.08 2
1575453851.78712 2 977.75 2
1575453852.120393 2 985.40 2
1575453852.453775 2 996.74 2
1575453852.720605 2 998.85 2
1575453852.987093 2 991.59 2
1575453853.253843 2 983.33 2
1575453853.587079 2 975.78 2
1575453853.85378 2 968.92 2
1575453854.18715 2 972.13 2
1575453854.520403 2 974.76 2
1575453854.787091 2 974.88 2
1575453855.12055 2 974.69 2
1575453855.387109 2 978.13 2
1575453855.720391 2 991.25 2
1575453855.987113 2 1002.17 2
1575453856.253769 2 1020.96 2
1575453856.587095 2 1046.72 2
1575453856.853727 2 1072.78 2
1575453857.120802 2 1105.76 2
1575453857.387172 2 1134.66 2
1575453857.72044 2 1167.00 2
1575453858.05379 2 1197.23 2
1575453858.320563 2 1221.02 2
1575453858.653793 2 1238.55 2
1575453858.853849 2 1252.83 2
1575453859.121004 2 1263.40 2
1575453859.453729 2 1275.01 2
1575453859.720394 2 1276.62 2
1575453860.053773 2 1271.15 2
1575453860.320664 2 1265.09 2
1575453860.653782 2 1261.79 2
1575453860.987079 2 1262.48 2
1575453861.320409 2 1248.30 2
1575453861.653727 2 1224.12 2
1575453861.920588 2 1216.48 2
1575453862.18709 2 1207.50 2
1575453862.453719 2 1191.17 2
1575453862.720609 2 1177.33 2
1575453863.053739 2 1159.78 2
1575453863.320406 2 1141.45 2
1575453863.58707 2 1123.73 2
1575453863.920533 2 1103.51 2
1575453864.187119 2 1079.02 2
1575453864.453856 2 1051.31 2
1575453864.720767 2 1035.85 2
1575453864.987075 2 1026.34 2
1575453865.320396 2 1011.30 2
1575453865.587084 2 1000.79 2
1575453865.920567 2 1000.38 2
1575453866.187071 2 988.04 2
1575453866.520396 2 983.95 2
1575453866.920395 2 981.79 2
1575453867.187087 2 974.37 2
1575453867.453784 2 963.14 2
1575453867.787175 2 948.70 2
1575453868.053886 2 940.59 2
1575453868.387088 2 943.24 2
1575453868.720916 2 947.90 2
1575453868.987341 2 944.07 2
1575453869.320414 2 944.84 2
1575453869.587185 2 946.53 2
1575453869.920537 2 940.47 2
1575453870.253783 2 939.70 2
1575453870.453984 2 935.85 2
