1575453437.984207 0 3 41.5 0 0 0
1575453438.11595 0 3 44.1 0 0 1.5
1575453438.2493 0 3 43.9 0 0 0
1575453438.382748 0 3 43.9 0 0 0
1575453438.515987 0 3 43.9 0 0 0
1575453438.582658 0 3 42.8 0 1 0.75
1575453438.716117 0 3 42.9 0 0 0
1575453438.84932 0 3 44 0 0 0.75
1575453438.9827 0 3 43.9 0 0 0
1575453439.115948 0 3 43.9 0 0 0
1575453439.182832 0 3 43.9 0 0 0
1575453439.315945 0 3 43.9 0 0 0
1575453439.449281 0 3 41.3 0 1 1.5
1575453439.582728 0 3 40.9 0 1 0.25
1575453439.782799 0 3 40.2 0 0 0
1575453439.91598 0 3 38.3 0 1 1.25
1575453440.049361 0 3 38.4 0 0 0
1575453440.182615 0 3 36 0 1 1.25
1575453440.315945 0 3 36.3 0 0 0
1575453440.382787 0 3 36.2 0 0 0
1575453440.515966 0 3 41.2 0 0 2.75
1575453440.64937 0 3 42.4 0 0 1
1575453440.782879 0 3 46.1 0 0 2.5
1575453440.915982 0 3 46.6 0 0 0
1575453440.982611 0 3 48.3 0 0 0
1575453441.116015 0 3 48.1 0 0 0
1575453441.249328 0 3 48.1 0 1 0.25
1575453441.382622 0 3 46.1 0 1 0.75
1575453441.516001 0 3 46.2 0 0 0
1575453441.582758 0 3 44.4 0 1 1
1575453441.715948 0 3 44.5 0 0 0
1575453441.849269 0 3 44.5 0 0 0
1575453441.983165 0 3 44.5 0 0 0
1575453442.116017 0 3 44.5 0 0 0
1575453442.182615 0 3 44.5 0 0 0
1575453442.316011 0 3 44.5 0 0 0
1575453442.449315 0 3 48.4 0 0 2.25
1575453442.582657 0 3 49.3 0 0 0.75
1575453442.715969 0 3 48.9 0 0 0
1575453442.782997 0 3 45.6 0 1 2
1575453442.915977 1 3 45.1 0 1 0.25
1575453443.04928 1 3 43.2 0 1 1.25
1575453443.182997 1 3 43.5 0 0 0
1575453443.316048 1 3 36 0 1 4.5
1575453443.382601 1 3 34.5 0 0 0
1575453443.516001 1 3 34.6 0 0 0.25
1575453443.64938 1 3 27.3 0 1 5
1575453443.782811 1 3 22 0 0 0
1575453443.915971 1 3 12.6 0 1 5.75
1575453443.983004 1 3 8.7 0 1 2
1575453444.249377 1 3 7.5 0 0 0
1575453444.38288 1 3 0.2 1 1 5
1575453444.515949 1 3 1.9 1 0 0
1575453444.582715 1 3 9.2 1 1 5
1575453444.849334 1 3 15 1 1 0.75
1575453444.982689 0 3 22.1 1 0 0
1575453445.115985 0 3 27.4 1 0 0.75
1575453445.182853 0 3 28.5 1 0 1
1575453445.315986 0 3 35.5 1 1 4
1575453445.44929 1 3 37.7 1 1 1.25
1575453445.583099 1 3 45.3 1 1 4.75
1575453445.715969 1 3 47.5 1 1 1.5
1575453445.782667 1 3 47.5 1 0 0
1575453445.916012 0 3 55.7 1 1 5
1575453446.049343 0 3 61.9 1 1 3.25
1575453446.18261 0 3 71 1 1 5.25
1575453446.315949 0 3 73.6 1 1 1.5
1575453446.382734 0 3 81.8 1 1 5
1575453446.516018 0 3 85.9 1 1 2.25
1575453446.783004 0 3 100.9 1 1 2.75
1575453446.91603 0 3 110.3 1 1 5.25
1575453446.98277 0 3 116 1 1 2.75
1575453447.116042 0 3 124.7 1 1 5
1575453447.249372 0 3 128.1 1 1 2.25
1575453447.382683 0 3 129.2 1 1 0.25
1575453447.515973 0 3 132 1 1 2
1575453447.582949 0 3 132 1 0 0
1575453447.716092 0 3 135.4 1 1 2
1575453447.849316 0 3 141.8 1 1 4
1575453447.98273 0 3 143.7 1 1 1.25
1575453448.116022 0 3 151.2 1 1 4.75
1575453448.182607 0 3 153.5 1 1 1.5
1575453448.315989 0 3 158.7 1 1 3.25
1575453448.449373 0 3 159.1 1 1 0.25
1575453448.582666 0 3 162.3 1 1 2
1575453448.715955 0 3 167.1 1 1 3.25
1575453448.782949 0 3 168 1 0 0
1575453448.915928 0 3 173.5 1 1 3.5
1575453449.049284 0 3 174.2 1 1 0.75
1575453449.182988 0 3 182.2 1 1 5
1575453449.316016 0 3 186.9 1 1 2.5
1575453449.382663 0 3 196.1 1 1 5.75
1575453449.515937 0 3 206.9 1 1 6
1575453449.649321 0 3 217.9 1 1 5.75
1575453449.782611 0 3 228.5 1 1 5.75
1575453449.91595 0 3 238.1 1 1 5.25
1575453449.982832 0 3 240.8 1 1 1.5
1575453450.116054 0 3 246.5 1 1 3.75
1575453450.249285 0 3 250.5 1 0 0.25
1575453450.382828 0 3 251.4 1 0 0.75
1575453450.516 0 3 253.6 1 1 1.25
1575453450.582646 0 3 253.7 1 0 0
1575453450.716012 1 3 252.6 1 0 0.25
1575453450.98269 1 3 239.3 1 0 2.5
1575453451.115975 1 3 230.3 1 0 5.25
1575453451.182861 1 3 226.5 1 0 0
1575453451.31614 1 3 218.5 1 0 4.75
1575453451.449277 1 3 209 1 0 5.75
1575453451.582869 1 3 203.7 1 0 2.25
1575453451.715979 1 3 203.1 1 0 0
1575453451.782603 1 3 203.6 1 0 0
1575453451.915975 1 3 211.1 1 1 4.75
1575453452.049345 0 3 220.7 1 1 5.75
1575453452.182659 0 3 229.8 1 1 5
1575453452.316012 0 3 240.3 1 1 5.75
1575453452.382701 1 3 251.3 1 1 5.75
1575453452.51614 1 3 262.4 1 1 5.75
1575453452.64937 1 3 262.8 1 0 2.5
1575453452.782837 1 3 254.3 1 0 5
1575453452.915936 1 3 243.9 1 0 5.75
1575453452.982855 1 3 233.4 1 0 5.75
1575453453.115947 1 3 222.5 1 0 5.75
1575453453.249348 1 3 211.4 1 0 6
1575453453.382634 1 3 200.4 1 0 6
1575453453.515941 1 3 189.4 1 0 6
1575453453.582779 1 3 178.8 1 0 5.75
1575453453.715954 1 3 168 1 0 5.75
1575453453.849455 1 3 157.3 1 0 5.75
1575453453.982891 1 3 146.4 1 0 6
1575453454.115936 1 3 135.4 1 0 6
1575453454.182826 0 3 124.4 1 0 6
1575453454.316022 0 3 113.6 1 0 5.75
1575453454.449341 0 3 102.7 1 0 5.75
1575453454.582606 0 3 91.6 1 0 5.75
1575453454.716053 0 3 80.4 1 0 6
1575453454.782776 0 3 69 1 0 6
1575453454.915974 0 3 57.5 1 0 6
1575453455.049328 0 3 46.2 1 0 6
1575453455.183017 0 3 35 1 0 5.75
1575453455.316012 0 3 23.9 1 0 6
1575453455.382616 0 3 12.8 1 0 6
1575453455.515976 0 3 1.8 1 0 5.75
1575453455.649506 0 3 9.2 0 0 5.75
1575453455.915948 0 3 31.5 0 0 6
1575453455.98294 0 3 42.8 0 0 6
1575453456.115997 0 3 53.9 0 0 5.75
1575453456.249282 0 3 65.2 0 0 6
1575453456.382894 0 3 76.8 0 0 6
1575453456.516005 0 3 88.2 0 0 6
1575453456.582609 0 3 99.6 0 0 6
1575453456.716005 0 3 111 0 0 6.25
1575453456.849275 0 3 122.5 0 0 6
1575453456.982654 0 3 133.8 0 0 6
1575453457.115982 0 3 144.9 0 0 5.75
1575453457.182771 0 3 150.8 0 0 2.5
1575453457.316015 0 3 145.9 0 1 2.75
1575453457.449364 0 3 140.1 0 0 0
1575453457.582707 0 3 131 0 1 5.25
1575453457.715948 0 3 121.6 0 1 5
1575453457.782621 0 3 117.8 0 1 2
1575453457.915948 0 3 109.1 0 1 5.25
1575453458.049308 0 3 99.6 0 1 5.25
1575453458.182676 0 3 90.5 0 1 5.25
1575453458.315977 0 3 80.6 0 1 5.75
1575453458.382874 0 3 69.6 0 1 5.75
1575453458.649283 0 3 49.7 0 1 4.5
1575453458.783067 0 3 40.1 0 1 5.75
1575453458.915951 0 3 31.7 0 1 5.25
1575453458.982864 0 3 28.7 0 1 2
1575453459.115991 0 3 22.6 0 0 0
1575453459.249294 0 3 22.3 0 0 0.25
1575453459.382604 0 3 21.8 0 0 0.25
1575453459.515951 0 3 21.7 0 0 1
1575453459.582845 0 3 23.4 0 0 1.5
1575453459.715964 0 3 23.7 0 0 0.75
1575453459.849305 0 3 23.2 0 0 0
1575453459.983292 0 3 21.3 0 1 1
1575453460.116012 0 3 21.3 0 0 0
1575453460.182627 0 3 17 0 0 0
1575453460.315996 0 3 16.1 0 0 0
1575453460.449281 0 3 8.8 0 1 4.5
1575453460.582675 0 3 7.2 0 0 0.25
1575453460.782725 0 3 6.7 0 0 0
1575453460.916069 0 3 3.9 0 1 1.5
1575453461.049352 0 3 4.6 0 0 0.25
1575453461.182906 0 3 4.6 0 0 0
1575453461.315971 0 3 9.7 0 0 3.25
1575453461.382706 0 3 10.7 0 0 1.25
1575453461.515991 0 3 10.1 0 0 0
1575453461.649285 0 3 15.2 0 0 3.25
1575453461.782615 0 3 15.3 0 0 0.75
1575453461.916057 0 3 16.8 0 0 1
1575453461.982795 0 3 17.2 0 0 0
1575453462.115963 0 3 19.4 0 0 1.25
1575453462.249297 0 3 19.1 0 0 0
1575453462.382733 0 3 19.1 0 0 0
1575453462.515947 0 3 20 0 0 0.75
1575453462.582747 0 3 20 0 0 0
1575453462.715949 0 3 20.1 0 0 0
1575453462.849341 0 3 20.1 0 0 0
1575453462.982729 0 3 20.1 0 0 0
1575453463.115961 0 3 20.2 0 0 0
1575453463.182958 0 3 20.2 0 0 0
1575453463.315965 0 3 20.2 0 0 0
1575453463.449307 0 3 20.2 0 0 0
1575453463.582793 0 3 20.2 0 0 0
1575453463.715926 0 3 20.9 0 0 0.25
1575453463.782662 0 3 20.9 0 0 0
1575453463.915947 0 3 23.2 0 0 1.5
1575453464.049349 0 3 23 0 0 0
1575453464.182619 0 3 26 0 0 2
1575453464.315949 0 3 26 0 0 0.25
1575453464.382927 0 3 20.4 0 1 3.5
1575453464.515945 0 3 19.4 0 0 0
1575453464.649293 0 3 17 0 0 0.75
1575453464.783022 0 3 16.9 0 0 0.75
1575453464.915989 0 3 19.4 0 0 2
1575453464.982629 0 3 19.4 0 0 0
1575453465.116034 0 3 25.6 0 0 4.75
1575453465.249381 0 3 28 0 0 3.5
1575453465.38267 0 3 31.1 0 0 0
1575453465.515945 0 3 31 0 0 0
1575453465.582922 0 3 30.3 0 1 2
1575453465.715945 0 3 28 0 1 3.5
1575453465.849299 0 3 25.8 0 1 6
1575453465.982835 0 3 29.8 0 1 4.75
1575453466.11597 0 3 29.9 0 1 7.25
1575453466.182676 0 3 35.9 0 1 4.75
1575453466.316038 0 3 37.5 0 0 0
1575453466.449282 0 3 44.3 0 0 1.5
1575453466.582658 0 3 48.4 0 0 2.25
1575453466.716028 0 3 52.8 0 0 5
1575453466.782737 0 3 60.2 0 0 8.25
1575453466.916064 0 3 62.2 0 0 0
1575453467.515941 0 3 61.3 0 0 5.75
1575453467.649367 0 3 55.2 0 0 4
1575453467.782667 0 3 50.8 0 0 4.5
1575453467.915948 0 3 40.4 0 0 0
1575453467.983144 0 3 27.3 0 1 5.25
1575453468.116003 0 3 16.8 0 1 5.25
1575453468.249339 0 3 5.8 0 1 6
1575453468.383033 0 3 1.3 0 1 0.25
1575453468.516006 0 3 0.4 0 0 0
1575453468.582613 0 3 0.5 0 0 0
1575453468.716007 0 3 7.7 0 0 4.5
1575453468.849311 0 3 9.3 0 0 2
1575453468.98264 0 3 16.5 0 0 5.75
1575453469.115947 0 3 20.7 0 0 2.5
1575453469.182843 0 3 21.4 0 0 1.25
1575453469.315953 0 3 29.1 0 0 5.75
1575453469.449316 0 3 31.9 0 0 3.25
1575453469.582729 0 3 38.8 0 0 6.5
1575453469.715987 0 3 42 0 0 4.5
1575453469.782661 0 3 44.1 0 0 0
1575453469.915953 0 3 44 0 1 1.25
1575453470.049404 0 3 42.4 0 1 2.25
1575453470.182666 0 3 41.4 0 1 4.5
1575453470.316014 0 3 38.6 0 1 7
1575453470.382876 0 3 35.4 0 1 8.75
1575453470.515989 0 3 37.6 0 0 0
1575453470.64935 0 3 43.8 0 0 5
1575453470.782758 0 3 49.8 0 0 7.5
1575453470.915986 0 3 50.8 0 0 9.5
1575453470.982616 0 3 45.4 0 1 2.5
1575453471.115982 0 3 38.3 0 1 6
1575453471.249283 0 3 30.8 0 1 8.5
1575453471.382617 0 3 30.8 0 0 0
1575453471.516015 0 3 30.7 0 0 2
1575453471.582786 0 3 31.6 0 0 4
1575453471.715945 0 3 34.3 0 0 6.5
1575453471.98295 0 3 36.8 0 0 8.75
1575453472.115965 0 3 32.1 0 1 2.25
1575453472.182864 0 3 26.1 0 1 5.25
1575453472.31603 0 3 18.4 0 1 9.5
1575453472.449328 0 3 18.2 0 0 0
1575453472.582606 0 3 23.8 0 0 2.5
1575453472.716024 0 3 28.7 0 0 5
1575453472.782742 0 3 32.5 0 0 7.25
1575453472.916009 0 3 36.2 0 0 0
1575453473.049279 0 3 35.6 0 1 2
1575453473.183022 0 3 34.8 0 1 2.5
1575453473.315999 0 3 32.4 0 1 7
1575453473.382613 0 3 30 0 1 7.25
1575453473.51599 0 3 30.3 0 0 0
1575453473.649319 0 3 35.8 0 0 2.5
1575453473.782666 0 3 40.1 0 0 5.25
1575453473.915955 0 3 42.8 0 0 8.75
1575453473.983021 0 3 41.2 0 0 8.25
1575453474.115995 0 3 38.1 0 0 0
1575453474.249292 0 3 31.1 0 1 2.25
1575453474.383258 0 3 27.1 0 1 4.75
1575453474.515991 0 3 20.2 0 1 7.25
1575453474.582615 0 3 18.1 0 1 7.5
1575453474.71601 0 3 19.9 0 0 0
1575453474.849277 0 3 24.5 0 0 2.5
1575453474.982677 0 3 30.1 0 0 7.25
1575453475.115993 0 3 34.7 0 0 8.5
1575453475.182749 0 3 33.6 0 0 0
1575453475.31607 0 3 31.4 0 1 2.5
1575453475.449331 0 3 28.2 0 1 5
1575453475.582875 0 3 27 0 1 6.5
1575453475.715945 0 3 25.2 0 1 8.75
1575453475.782692 0 3 25.5 0 0 0
1575453475.915953 0 3 30 0 0 2.5
1575453476.049284 0 3 36.7 0 0 7
1575453476.182691 0 3 40.8 0 0 9
1575453476.315971 0 3 39.7 0 0 7
1575453476.382748 0 3 37.2 0 0 0
1575453476.516046 0 3 33.4 0 1 2.25
1575453476.783092 0 3 26.2 0 1 5
1575453476.915992 0 3 24.9 0 1 7
1575453476.982666 0 3 24.1 0 1 7.75
1575453477.116044 0 3 25.3 0 0 0
1575453477.249426 0 3 29.3 0 0 2.25
1575453477.382616 0 3 35.1 0 0 5.25
1575453477.515953 0 3 40.1 0 0 9.5
1575453477.582811 0 3 40.6 0 0 9.5
1575453477.715948 0 3 37.2 0 0 0
1575453477.849336 0 3 32.5 0 1 2.5
1575453477.982861 0 3 27.3 0 1 5.25
1575453478.115961 0 3 23.6 0 1 8.75
1575453478.1827 0 3 24.4 0 0 0
1575453478.316045 0 3 30 0 0 2.75
1575453478.449282 0 3 37.7 0 0 7.5
1575453478.582648 0 3 39.6 0 0 9.5
1575453478.715936 0 3 33.9 0 1 2.75
1575453478.782972 0 3 27.2 0 1 7.75
1575453478.915956 0 3 25.1 0 1 8.25
1575453479.049312 0 3 28.7 0 0 0
1575453479.183104 0 3 33.3 0 0 2.25
1575453479.315986 0 3 41.1 0 0 7.25
1575453479.382663 0 3 45 0 0 9
1575453479.516006 0 3 43.9 0 0 8.5
1575453479.649382 0 3 39.2 0 1 2.25
1575453479.782616 0 3 28.5 0 1 4.5
1575453479.915948 0 3 24.1 0 1 6.25
1575453479.982902 0 3 21.5 0 1 7.75
1575453480.115969 0 3 18.8 0 0 0
1575453480.249329 0 3 19 0 0 1.5
1575453480.382837 0 3 21.8 0 0 2
1575453480.449369 0 3 24.7 0 0 4
1575453480.582694 0 3 30.6 0 0 6.25
1575453480.715952 0 3 33.4 0 0 7.5
1575453480.849283 0 3 36.3 0 0 0
1575453480.982691 0 3 35.1 0 1 2.25
1575453481.049287 0 3 30.3 0 1 5.25
1575453481.182733 0 3 28.9 0 1 7.25
1575453481.31601 0 3 28.7 0 1 7.75
1575453481.449362 0 3 32.5 0 0 0
1575453481.582814 0 3 37.2 0 0 2.5
1575453481.649316 0 3 38 0 0 4.5
1575453481.782676 0 3 39.5 0 0 6.5
1575453481.915949 0 3 41.3 0 0 8.25
1575453482.049334 0 3 39.2 0 0 7.75
1575453482.182629 0 3 36.2 0 0 0
1575453482.315949 0 3 30 0 1 2.25
1575453482.382947 0 3 25.6 0 1 4.75
1575453482.515949 0 3 21.9 0 1 7.25
1575453482.649285 0 3 26.4 0 1 5.75
1575453482.782994 0 3 27.1 0 1 6
1575453482.916034 0 3 30.6 0 1 6
1575453482.982675 0 3 32 0 0 0
1575453483.116007 0 3 33.3 0 0 1.5
1575453483.249315 0 3 37.3 0 0 4.5
1575453483.382616 0 3 42.3 0 0 7.5
1575453483.515952 0 3 43.5 0 0 8.5
1575453483.582808 0 3 41.7 0 0 0
1575453483.715956 0 3 35.2 0 1 2.75
1575453483.849332 0 3 29.3 0 1 7.75
1575453483.982749 0 3 27.1 0 1 8.5
1575453484.115947 0 3 27.9 0 0 0
1575453484.182639 0 3 31.3 0 0 2.25
1575453484.31601 0 3 36 0 0 5
1575453484.449286 0 3 42.2 0 0 7.5
1575453484.582726 0 3 43.8 0 0 9.5
1575453484.71597 0 3 40.1 0 0 0
1575453484.782874 0 3 33.7 0 1 5.75
1575453484.915979 0 3 28.2 0 1 7.75
1575453485.049348 0 3 29.1 0 0 0
1575453485.182729 0 3 33.6 0 0 2.25
1575453485.249283 0 3 38.5 0 0 5
1575453485.382615 0 3 36.8 0 0 3.75
1575453485.515945 0 3 36.9 0 0 5.75
1575453485.649376 0 3 28.5 0 0 2.75
1575453485.782611 0 3 25.4 0 0 3.5
1575453485.915978 0 3 14.2 0 1 6
1575453485.983824 0 3 9.3 0 1 1
1575453486.115949 0 3 8.7 0 0 0
1575453486.383024 0 3 8.6 0 0 0
1575453486.515965 0 3 12.5 0 0 2.25
1575453486.582702 0 3 13 0 0 0.75
1575453486.715973 0 3 16.9 0 0 2.25
1575453486.849283 0 3 17.6 0 0 0.75
1575453486.982614 0 3 23.2 0 0 3.25
1575453487.049326 0 3 24.3 0 0 2
1575453487.182805 0 3 29.2 0 0 3.75
1575453487.316004 0 3 30.2 0 0 2.75
1575453487.449289 0 3 29.8 0 0 2.25
1575453487.582727 0 3 29.9 0 0 2
1575453487.649337 0 3 29.4 0 0 1.25
1575453487.915988 0 3 30.4 0 0 0.25
1575453488.049302 0 3 30.3 0 0 0
1575453488.182658 0 3 30.4 0 0 0
1575453488.31595 0 3 30.7 0 0 0.25
1575453488.383 0 3 30.8 0 0 0
1575453488.515952 0 3 34.3 0 0 2.25
1575453488.649285 0 3 34.6 0 0 0.75
1575453488.783226 0 3 33.5 0 1 0.25
1575453488.849331 0 3 33.5 0 0 0
1575453488.982619 0 3 28.9 0 1 3.25
1575453489.116127 0 3 27.6 0 0 0
1575453489.249308 0 3 22.6 0 0 0
1575453489.382655 0 3 22.3 0 0 0.25
1575453489.449273 0 3 21.9 0 0 0.75
1575453489.583175 0 3 21.7 0 0 0.75
1575453489.715991 0 3 20.5 0 0 0
1575453489.849299 0 3 20.2 0 0 0
1575453489.982776 0 3 20.2 0 0 0
1575453490.115982 0 3 27 0 0 4
1575453490.182617 0 3 29.7 0 0 1.25
1575453490.316008 0 3 38 0 0 4.5
1575453490.4494 0 3 39.5 0 0 2.5
1575453490.582627 0 3 40.8 0 0 2.5
1575453490.782827 0 3 41.4 0 0 2.75
1575453490.915951 0 3 37.2 0 0 1
1575453491.04928 0 3 35.9 0 0 1
1575453491.183031 0 3 33.2 0 0 0
1575453491.249325 0 3 32.2 0 0 0
1575453491.382665 0 3 30.2 0 1 1
1575453491.515954 0 3 30.1 0 0 0
1575453491.649392 0 3 30.1 0 0 0
1575453491.782708 0 3 34 0 0 2.25
1575453491.915982 0 3 35 0 0 0.75
1575453491.983229 0 3 35 0 0 0
1575453492.115984 0 3 35 0 0 0
1575453492.24928 0 3 36.3 0 0 0.75
1575453492.382795 0 3 36.1 0 0 0
1575453492.515997 0 3 38.1 0 0 1.25
1575453492.715948 0 3 37.7 0 0 0
1575453492.849355 0 3 37.6 0 0 0
1575453492.982665 0 3 37.2 0 0 0
1575453493.115948 0 3 37.2 0 0 0
1575453493.182851 0 3 32 0 1 3.25
1575453493.316009 0 3 30.9 0 1 1.25
1575453493.44938 0 3 28.3 0 1 2
1575453493.58284 0 3 28.1 0 0 0
1575453493.715949 0 3 28.6 0 0 0.25
1575453493.782714 0 3 28.6 0 0 0
1575453493.915988 0 3 28.6 0 0 0
1575453494.04928 0 3 34.9 0 0 3.75
1575453494.182613 0 3 36.7 0 0 2.5
1575453494.249287 0 3 31.7 0 1 2.75
1575453494.382823 0 3 29.8 0 0 0
1575453494.516023 0 3 23.9 0 1 3.5
1575453494.649317 0 3 23 0 0 0
1575453494.78281 0 3 22.7 0 1 0.25
1575453494.849282 0 3 22.2 0 1 0.25
1575453494.982612 0 3 22.2 0 0 0
1575453495.249387 0 3 28.3 0 0 1
1575453495.382613 0 3 30 0 0 1.25
1575453495.449307 0 3 30.1 0 0 0
1575453495.582742 0 3 30.1 0 0 0
1575453495.715959 0 3 35 0 0 3.25
1575453495.849367 0 3 36.3 0 0 1.5
1575453495.983017 0 3 43.2 0 0 5
1575453496.049333 0 3 45.3 0 0 3.25
1575453496.182691 0 3 45.3 0 0 2.5
1575453496.316056 0 3 45.3 0 0 0
1575453496.449286 0 3 40.9 0 0 0
1575453496.582677 0 3 39.7 0 0 0
1575453496.649263 0 3 39.1 0 0 0
1575453496.782725 0 3 39.9 0 0 0
1575453496.915962 0 3 39.9 0 0 0
1575453497.049286 0 3 42.1 0 0 0
1575453497.183072 0 3 42.5 0 0 0
1575453497.249278 0 3 42.4 0 1 1.25
1575453497.382629 0 3 32.9 0 1 4
1575453497.515997 0 3 29 0 1 3.5
1575453497.649292 0 3 22.4 0 1 5.75
1575453497.782604 0 3 20.1 0 1 3.5
1575453497.91595 0 3 20.2 0 0 0
1575453497.982839 0 3 15.8 0 0 0
1575453498.115947 0 3 15.5 0 0 1
1575453498.249347 0 3 19.6 0 0 2
1575453498.382991 0 3 20.8 0 0 2
1575453498.515947 0 3 26.6 0 0 4.5
1575453498.582653 0 3 28.2 0 0 3.75
1575453498.715935 0 3 34.2 0 0 7.5
1575453498.849355 0 3 36 0 0 0
1575453498.98268 0 3 40.1 0 0 0
1575453499.049458 0 3 42.2 0 0 0
1575453499.183081 0 3 42.4 0 1 2
1575453499.316015 0 3 40.8 0 1 4
1575453499.449281 0 3 37.8 0 1 6.5
1575453499.582776 0 3 36.6 0 1 6.5
1575453499.716 0 3 35.7 0 1 7.5
1575453499.782611 0 3 39.4 0 0 2.25
1575453499.915977 0 3 45.5 0 0 5.75
1575453500.049366 0 3 40.6 0 0 4.75
1575453500.182616 0 3 38.2 0 0 5.75
1575453500.249313 0 3 37.6 0 0 6.5
1575453500.382811 0 3 30.2 0 0 2
1575453500.515953 0 3 28 0 0 2.5
1575453500.64928 0 3 30.9 0 0 3.75
1575453500.782821 0 3 39.5 0 0 5
1575453500.849298 0 3 49.6 0 0 5.75
1575453500.98267 0 3 60.5 0 0 6
1575453501.115983 0 3 55.8 0 1 5
1575453501.249517 0 3 48.2 0 1 4.75
1575453501.382626 0 3 39.6 0 1 5
1575453501.515948 0 3 29.5 0 1 5.75
1575453501.582949 0 3 18.9 0 1 5.75
1575453501.715953 0 3 8.8 0 1 5.25
1575453501.84931 0 3 1.2 1 1 5.75
1575453501.982923 0 3 10.8 1 1 5.25
1575453502.049277 0 3 14.5 1 1 2
1575453502.182683 0 3 15.2 1 1 0.25
1575453502.315955 0 3 8.6 1 0 3.75
1575453502.449317 0 3 2 1 0 3.5
1575453502.58268 0 3 6.5 0 0 6
1575453502.715949 0 3 16.6 0 0 5.25
1575453502.782953 0 3 27.1 0 0 5.75
1575453502.91604 0 3 37.5 0 0 5.75
1575453503.049277 0 3 46.1 0 0 4.5
1575453503.183028 0 3 48.2 0 0 1.25
1575453503.249309 0 3 48.6 0 0 0.25
1575453503.382615 0 3 56.9 0 0 5
1575453503.516143 0 3 59.5 0 0 2.25
1575453503.782615 0 3 63.6 0 0 0
1575453503.849378 0 3 63 0 1 0.75
1575453504.116027 0 3 50 0 1 2.25
1575453504.249364 0 3 42.1 0 1 4.5
1575453504.382817 0 3 40.1 0 1 3.25
1575453504.44929 0 3 33.9 0 1 6
1575453504.582616 0 3 31.4 0 1 2.75
1575453504.715955 0 3 31.2 0 0 0.25
1575453504.849362 0 3 29.2 0 0 0
1575453504.982682 0 3 29.3 0 0 1
1575453505.049395 0 3 29 0 0 1
1575453505.182949 0 3 29.1 0 0 1.25
1575453505.315948 0 3 28.8 0 0 0.75
1575453505.449282 0 3 35.2 0 0 4.75
1575453505.583058 0 3 37.6 0 0 3.75
1575453505.715968 0 3 38.8 0 0 3.75
1575453505.782716 0 3 38.4 0 0 0
1575453505.915985 0 3 37.3 0 1 1.5
1575453506.049279 0 3 30.7 0 1 3.25
1575453506.182614 0 3 27.7 0 1 3.5
1575453506.249376 0 3 22.4 0 1 7
1575453506.383099 0 3 21.1 0 1 5.25
1575453506.515978 0 3 20.9 0 1 6
1575453506.64928 0 3 20.6 0 0 0
1575453506.782866 0 3 21.8 0 0 1.5
1575453506.849293 0 3 25.9 0 0 3.5
1575453506.982667 0 3 28.8 0 0 4
1575453507.116002 0 3 32.7 0 0 7.75
1575453507.24934 0 3 34.4 0 0 8.75
1575453507.382615 0 3 31 0 1 2
1575453507.449298 0 3 24.4 0 1 5.75
1575453507.582738 0 3 20.4 0 1 9
1575453507.715953 0 3 21.2 0 0 0
1575453507.84938 0 3 26.6 0 0 2.5
1575453507.982797 0 3 32.6 0 0 7.5
1575453508.049316 0 3 33.5 0 0 8.25
1575453508.449378 0 3 21.9 0 1 5.25
1575453508.649542 0 3 18.1 0 0 0
1575453508.782902 0 3 22.6 0 0 4
1575453508.915972 0 3 26.3 0 0 6.5
1575453509.049285 0 3 28.8 0 0 8.25
1575453509.182927 0 3 31.6 0 0 0
1575453509.249272 0 3 31.7 0 1 2
1575453509.382622 0 3 31.1 0 1 2.25
1575453509.515991 0 3 26.8 0 1 7.5
1575453509.649327 0 3 26.2 0 1 8.5
1575453509.782613 0 3 27.9 0 0 0
1575453509.849292 0 3 33 0 0 2.5
1575453509.982743 0 3 39.1 0 0 7.5
1575453510.115992 0 3 41.7 0 0 8.5
1575453510.249282 1 3 39.3 0 0 0
1575453510.38279 1 3 34.9 0 1 2.5
1575453510.449294 1 3 24.6 0 1 4.75
1575453510.582623 1 3 21.1 0 1 6
1575453510.716104 1 3 19.1 0 1 7.25
1575453510.849306 1 3 15.5 0 1 8.75
1575453510.982615 1 3 15.3 0 0 0
1575453511.049282 1 3 15.1 0 0 0
1575453511.182766 1 3 18.4 0 0 3.75
1575453511.316005 1 3 18.6 0 0 5.75
1575453511.44931 1 3 19.5 0 0 7.25
1575453511.582797 1 3 20.2 0 0 6.5
1575453511.649324 1 3 22.9 0 0 0
1575453511.782621 0 3 21.5 0 0 0
1575453511.915935 0 3 16.7 0 1 5
1575453512.049287 0 3 9.8 0 1 7.75
1575453512.182621 1 3 8.7 0 1 9.5
1575453512.249294 1 3 8.9 0 0 0
1575453512.382828 1 3 7.4 0 0 1.5
1575453512.516044 1 3 1.8 0 0 1.5
1575453512.649368 1 3 1.9 1 0 2.25
1575453512.782804 0 3 3.2 1 0 2.25
1575453512.849326 0 3 11.4 1 1 3.5
1575453512.982816 0 3 13 1 1 1
1575453513.11595 0 3 20.9 1 1 4.75
1575453513.249277 1 3 24.9 1 1 2.25
1575453513.382706 1 3 26 1 1 1
1575453513.449289 1 3 34.1 1 1 5
1575453513.583236 1 3 42 1 1 4.75
1575453513.715963 1 3 51.4 1 1 5.25
1575453513.849283 1 3 61.1 1 1 5.25
1575453513.982764 1 3 63.9 1 1 1.25
1575453514.049364 1 3 72.4 1 1 5.25
1575453514.182793 1 3 76.1 1 1 2.25
1575453514.315954 1 3 83 1 1 4
1575453514.449305 1 3 83.8 1 1 0.25
1575453514.582654 1 3 83.9 1 0 0
1575453514.649286 1 3 92 1 1 5.25
1575453514.782972 1 3 95.8 1 1 2.25
1575453514.915945 1 3 97.1 1 1 0.75
1575453515.049281 1 3 104.8 1 1 4.75
1575453515.182901 1 3 113.9 1 1 5
1575453515.249274 1 3 122.7 1 1 5
1575453515.382789 1 3 131.4 1 1 4.5
1575453515.516031 0 3 137.2 1 1 3.25
1575453515.649325 0 3 138.3 1 1 0.75
1575453515.782722 0 3 138.5 1 1 0.25
1575453515.849274 0 3 146.4 1 1 4.75
1575453515.982861 0 3 153.1 1 1 3.75
1575453516.115949 0 3 154.9 1 1 0.75
1575453516.249296 0 3 163.4 1 1 5
1575453516.382839 0 3 167.1 1 1 2.25
1575453516.449301 0 3 174.2 1 1 4.5
1575453516.582671 0 3 175.3 1 1 0.75
1575453516.715971 0 3 175.5 1 1 0.25
1575453516.849283 0 3 184 1 1 5.25
1575453516.982664 0 3 191.4 1 1 4
1575453517.049273 0 3 200.8 1 1 5.75
1575453517.182969 0 3 209.6 1 1 4.75
1575453517.31598 0 3 212 1 1 1.25
1575453517.449277 0 3 218.2 1 1 3.75
1575453517.582712 0 3 218.5 1 1 1
1575453517.649364 0 3 218.4 1 0 0
1575453517.782635 0 3 225.5 1 1 4
1575453517.916073 0 3 228.3 1 1 1.25
1575453518.049292 0 3 236.6 1 1 5.25
1575453518.182712 0 3 243.7 1 1 3.75
1575453518.249278 0 3 253.6 1 1 6
1575453518.382729 0 3 258.1 1 1 2.25
1575453518.516003 0 3 259.1 1 1 0.75
1575453518.64936 0 3 267.5 1 1 5.25
1575453518.782725 0 3 272 1 1 2.5
1575453518.849373 0 3 281.3 1 1 5.25
1575453518.982631 0 3 287.2 1 1 3.25
1575453519.115957 0 3 289.1 1 1 1
1575453519.249373 0 3 297.6 1 1 5.25
1575453519.382662 0 3 300.5 1 1 2
1575453519.449347 0 3 301.9 1 0 0
1575453519.715976 0 3 302.3 1 0 0
1575453519.849352 0 3 305.5 1 1 2.25
1575453519.982748 0 3 305.9 1 0 0
1575453520.049322 0 3 300.6 1 0 3.25
1575453520.182748 0 3 298.8 1 0 0
1575453520.315935 0 3 304.2 1 1 3.25
1575453520.449283 0 3 306 1 0 0
1575453520.582711 0 3 307 1 0 0
1575453520.649274 0 3 312.2 1 0 0
1575453520.783202 0 3 312.1 1 0 1
1575453520.916002 0 3 313.6 1 0 0
1575453521.049296 0 3 314 1 0 0
1575453521.182866 0 3 314.2 1 0 0
1575453521.249289 0 3 318.9 1 0 0
1575453521.382615 0 3 319.5 1 0 0
1575453521.51603 0 3 319.8 1 0 0
1575453521.649279 0 3 321.8 1 1 1
1575453521.782727 0 3 321.6 1 0 0
1575453521.849279 0 3 321.7 1 0 0
1575453521.983165 0 3 321.7 1 0 0
1575453522.115995 0 3 321.7 1 0 0
1575453522.249303 0 3 321.7 1 0 0
1575453522.382756 0 3 321.7 1 0 0
1575453522.449278 0 3 317.3 1 0 2.5
1575453522.582599 0 3 316.1 1 1 0.25
1575453522.715953 0 3 315.1 1 1 0.25
1575453522.982678 0 3 304.1 1 0 0
1575453523.049392 0 3 295.3 1 0 5.25
1575453523.182953 0 3 285.4 1 0 5.75
1575453523.315936 0 3 275.5 1 0 5.75
1575453523.449413 0 3 271.3 1 0 2.5
1575453523.582713 0 3 262.4 1 0 5.75
1575453523.649283 0 3 256.6 1 0 3.25
1575453523.78267 0 3 254.8 1 0 0
1575453523.915951 0 3 246.3 1 0 5
1575453524.049307 0 3 242.5 1 0 2.25
1575453524.182697 0 3 234.7 1 0 5
1575453524.249292 0 3 224.3 1 0 6
1575453524.383127 0 3 213.9 1 0 5.75
1575453524.515961 0 3 203.6 1 0 5.75
1575453524.649283 0 3 194.3 1 0 4.75
1575453524.782996 0 3 185.3 1 0 5.75
1575453524.849336 0 3 174.9 1 0 5.75
1575453524.982616 0 3 164 1 0 5.75
1575453525.116012 0 3 152.9 1 0 6
1575453525.249284 0 3 141.8 1 0 6
1575453525.382682 0 3 130.8 1 0 6
1575453525.449322 0 3 119.8 1 0 6
1575453525.582909 0 3 108.9 1 0 6
1575453525.716053 0 3 97.9 1 0 6
1575453525.849313 0 3 86.9 1 0 6
1575453525.982735 0 3 75.7 1 0 6
1575453526.049284 0 3 64.4 1 0 6
1575453526.182617 0 3 53.1 1 0 5.75
1575453526.315984 0 3 42.1 1 0 5.75
1575453526.449335 0 3 31.2 1 0 5.75
1575453526.582629 0 3 20.3 1 0 5.75
1575453526.64935 0 3 9.2 1 0 5.75
1575453526.782818 0 3 1.7 0 0 6.25
1575453526.915947 0 3 12.7 0 0 5.75
1575453527.0493 0 3 23.7 0 0 6
1575453527.183118 0 3 34.8 0 0 5.75
1575453527.382599 0 3 54 0 0 4
1575453527.515945 0 3 58.9 0 0 2.75
1575453527.649397 0 3 59.1 0 0 0.25
1575453527.782612 0 3 59.3 0 0 0
1575453527.849277 0 3 60.1 0 0 0.75
1575453527.983264 0 3 60.2 0 0 0
1575453528.115965 0 3 59.1 0 1 0.25
1575453528.249269 0 3 58.2 0 1 0.25
1575453528.382731 0 3 58.2 0 0 0
1575453528.449335 0 3 62.5 0 0 2.25
1575453528.582668 0 3 63.3 0 0 0
1575453528.982618 0 3 58.7 0 0 0
1575453529.04934 0 3 51.6 0 1 4.5
1575453529.182757 0 3 50.2 0 1 2
1575453529.316028 0 3 43.1 0 1 5
1575453529.449302 0 3 40.4 0 1 2.5
1575453529.582766 0 3 35.9 0 1 3.5
1575453529.649374 0 3 34.1 0 0 0
1575453529.782619 0 3 32.7 0 0 0
1575453529.915956 0 3 33.1 0 0 0
1575453530.049336 0 3 32.3 0 0 0
1575453530.182644 0 3 32.2 0 0 0.75
1575453530.249323 0 3 31.6 0 0 0
1575453530.382928 0 3 31.7 0 0 0
1575453530.515976 0 3 33.4 0 0 0
1575453530.649284 0 3 34 0 0 0
1575453530.782926 0 3 33.7 0 1 1
1575453530.8493 0 3 34.2 0 1 0.75
1575453530.982657 0 3 35.2 0 1 0.25
1575453531.115953 0 3 42.7 0 0 4.75
1575453531.249368 0 3 51 0 0 4.75
1575453531.38266 0 3 53.1 0 0 1.25
1575453531.44928 0 3 53.6 0 0 0.25
1575453531.582876 0 3 53.5 0 0 0
1575453531.715979 0 3 48.3 0 1 3.25
1575453531.849335 0 3 47.4 0 1 1.5
1575453531.982772 0 3 40.9 0 1 4.5
1575453532.049355 0 3 38.9 0 1 2.75
1575453532.182611 0 3 38.9 0 1 2.5
1575453532.315955 0 3 33.2 0 1 5.75
1575453532.449271 0 3 31.3 0 0 0
1575453532.582617 0 3 32.4 0 0 0
1575453532.649415 0 3 32.8 0 0 0.75
1575453532.782731 0 3 33.9 0 0 0.75
1575453532.916128 0 3 34.4 0 0 1
1575453533.049285 0 3 34.3 0 0 1.25
1575453533.182778 0 3 35.5 0 0 3.25
1575453533.249409 0 3 37.1 0 0 5
1575453533.382617 0 3 37 0 0 5.25
1575453533.51598 0 3 39.1 0 0 7.75
1575453533.649287 0 3 39.5 0 0 8.5
1575453533.782669 0 3 34.1 0 1 2.5
1575453533.849452 0 3 28 0 1 5.25
1575453533.983089 0 3 30.1 0 1 5.75
1575453534.115953 0 3 31.1 0 1 6.5
1575453534.249284 0 3 32.7 0 0 0
1575453534.383107 0 3 38.2 0 0 2.5
1575453534.449343 0 3 44.1 0 0 7.5
1575453534.582721 0 3 47.2 0 0 9
1575453534.715948 0 3 45.6 0 0 0
1575453534.849279 0 3 39.4 0 1 2.75
1575453534.982656 0 3 31.1 0 1 8.25
1575453535.049383 0 3 29.4 0 1 9.75
1575453535.182898 0 3 32 0 0 2
1575453535.316048 0 3 36.7 0 0 5
1575453535.449289 0 3 39.4 0 0 7
1575453535.649275 0 3 38.1 0 0 0
1575453535.782617 0 3 33.1 0 1 5
1575453535.916039 0 3 28 0 1 7.75
1575453536.049366 0 3 26.1 0 1 9.75
1575453536.182631 0 3 30.8 0 0 2.5
1575453536.249299 0 3 44.2 0 0 6.5
1575453536.382749 0 3 49.9 0 0 5.75
1575453536.51596 0 3 51.2 0 0 4.5
1575453536.649296 0 3 49.9 0 0 4
1575453536.782746 0 3 49.6 0 0 4.5
1575453536.849327 0 3 49.1 0 0 0
1575453536.982621 0 3 40.6 0 1 2.5
1575453537.116139 0 3 37.8 0 1 1.5
1575453537.249307 0 3 28.7 0 1 4.75
1575453537.382745 0 3 25.4 0 1 3.75
1575453537.44927 0 3 19.3 0 1 6
1575453537.582873 0 3 17.7 0 1 5.75
1575453537.715959 0 3 17.8 0 0 0
1575453537.849282 0 3 18.7 0 0 0
1575453537.983135 0 3 19.9 0 0 1
1575453538.049279 0 3 30.6 0 0 4
1575453538.182728 0 3 34.4 0 0 2
1575453538.315974 0 3 35.4 0 0 2
1575453538.449283 0 3 39.8 0 0 3.5
1575453538.582698 0 3 41.3 0 0 4.5
1575453538.64928 0 3 43.7 0 0 5.75
1575453538.782887 0 3 44.5 0 0 5.75
1575453538.915997 0 3 33.8 0 0 0
1575453539.049341 0 3 29 0 0 0
1575453539.183453 0 3 23.4 0 1 1.5
1575453539.249277 0 3 22.4 0 1 0.75
1575453539.382683 0 3 22.9 0 0 0
1575453539.516004 0 3 21.8 0 1 0.75
1575453539.649316 0 3 22 0 0 0
1575453539.782631 0 3 22.7 0 0 0.25
1575453539.849292 0 3 22.7 0 0 0
1575453539.982766 0 3 22.7 0 0 0
1575453540.11595 0 3 16.4 0 1 3.75
1575453540.249349 0 3 15.1 0 0 0
1575453540.38274 0 3 15.1 0 0 0.25
1575453540.449377 0 3 7.4 0 1 4.75
1575453540.582614 0 3 4.2 0 1 2
1575453540.715994 0 3 2 0 0 0
1575453540.84937 0 3 2.1 0 0 0
1575453540.982642 0 3 7.9 0 0 2.75
1575453541.049304 0 3 9.8 0 0 2
1575453541.182907 0 3 9.5 0 0 0.75
1575453541.315954 0 3 16.8 0 0 4.5
1575453541.449331 0 3 18.5 0 0 2.5
1575453541.582738 0 3 24.2 0 0 5
1575453541.649381 0 3 25.3 0 0 1.25
1575453541.782665 0 3 24.9 0 0 0
1575453541.915952 0 3 32.1 0 0 4.5
1575453542.049454 1 3 33.8 0 0 2.25
1575453542.182681 1 3 29.9 0 0 0
1575453542.249383 1 3 28.6 0 0 0
1575453542.382873 1 3 27.8 0 1 0.25
1575453542.515942 1 3 26.2 0 1 1
1575453542.649433 1 3 26.2 0 0 0
1575453542.782876 1 3 26.2 0 0 0
1575453542.849377 1 3 26.1 0 0 0
1575453542.982674 1 3 26 0 0 0
1575453543.115957 1 3 26 0 0 0
1575453543.249331 1 3 26 0 0 0
1575453543.382706 1 3 22.4 0 1 2.5
1575453543.449279 1 3 21.4 0 0 0
1575453543.5828 1 3 21.8 0 1 0.25
1575453543.71595 1 3 14.2 0 1 4.75
1575453543.849365 1 3 10.1 0 1 2.25
1575453543.982958 1 3 1.6 0 1 5.25
1575453544.049325 1 3 2 1 1 2.5
1575453544.18263 1 3 2 1 0 0
1575453544.315943 1 3 10.4 1 1 5
1575453544.449312 1 3 17.7 1 1 4
1575453544.582612 1 3 26 1 1 5.25
1575453544.64938 1 3 36 1 1 5.75
1575453544.782737 1 3 46.8 1 1 5.75
1575453544.915972 1 3 58 1 1 6
1575453545.049366 1 3 68.8 1 1 5.75
1575453545.182838 1 3 77.7 1 1 5.25
1575453545.249378 1 3 88.2 1 1 5.75
1575453545.382629 1 3 99.1 1 1 5.75
1575453545.515948 1 3 110 1 1 5.75
1575453545.649283 0 3 120.9 1 1 5.75
1575453545.782629 0 3 131.7 1 1 5.75
1575453545.849332 0 3 142.7 1 1 5.75
1575453545.983156 0 3 153.8 1 1 5.75
1575453546.249284 0 3 176.5 1 1 6
1575453546.383263 0 3 187.6 1 1 6
1575453546.449332 0 3 198.8 1 1 6
1575453546.716031 1 3 221.9 1 1 6
1575453546.849302 1 3 233.4 1 1 6
1575453546.982625 1 3 244.3 1 1 5.75
1575453547.049279 1 3 255.1 1 1 5.75
1575453547.18311 1 3 261.9 1 1 3.25
1575453547.315995 1 3 263.3 1 1 0.75
1575453547.449283 1 3 272 1 1 5.25
1575453547.582751 1 3 274.2 1 0 0
1575453547.649341 1 3 275.8 1 0 0
1575453547.782617 1 3 275.9 1 0 0
1575453547.915993 1 3 276 1 0 0
1575453548.049359 1 3 272.7 1 0 2
1575453548.182613 1 3 271.5 1 0 0
1575453548.249309 0 3 265.8 1 0 0
1575453548.38273 0 3 266.8 1 1 1.5
1575453548.515982 0 3 266.5 1 1 2.25
1575453548.649307 0 3 261.2 1 0 1.25
1575453548.782706 0 3 260.4 1 0 1
1575453548.849411 0 3 260.9 1 0 0
1575453548.982647 0 3 261.4 1 0 0
1575453549.449442 0 3 261.5 1 0 0
1575453549.58299 0 3 254.8 1 0 4
1575453549.715949 0 3 249.8 1 0 2.75
1575453549.849279 0 3 247.9 1 0 1
1575453549.982979 0 3 240.1 1 0 4.75
1575453550.04928 0 3 230.5 1 0 5.25
1575453550.18262 0 3 219.6 1 0 5.75
1575453550.315949 0 3 209.6 1 0 5
1575453550.449302 0 3 200.1 1 0 5.75
1575453550.649376 0 3 190.7 1 0 1.25
1575453550.782919 0 3 182.6 1 0 5
1575453550.91594 0 3 177.9 1 0 2.75
1575453551.049284 0 3 169.1 1 0 5.25
1575453551.182778 0 3 161.2 1 0 4.5
1575453551.249278 0 3 152.2 1 0 5.75
1575453551.382759 0 3 143.6 1 0 4.75
1575453551.649282 0 3 125.7 1 0 4.75
1575453551.782653 0 3 123.3 1 0 1.5
1575453551.849287 0 3 114.7 1 0 5.25
1575453551.982894 0 3 106.4 1 0 5
1575453552.115962 0 3 97.1 1 0 5.25
1575453552.249282 0 3 86.8 1 0 5.75
1575453552.382869 0 3 80.3 1 0 2.75
1575453552.449286 0 3 70.9 1 0 5.75
1575453552.582638 0 3 60.7 1 0 5.75
1575453552.715964 0 3 49.4 1 0 6
1575453552.849288 0 3 38.7 1 0 5.75
1575453552.982629 0 3 29.1 1 0 5.25
1575453553.049279 0 3 25.6 1 0 1.25
1575453553.182747 0 3 25.5 1 0 0
1575453553.315956 0 3 17.9 1 0 4.75
1575453553.449268 0 3 12.5 1 0 2.75
1575453553.582765 0 3 3.5 1 0 5.25
1575453553.649298 0 3 0.6 0 0 2.25
1575453553.782619 0 3 0.3 0 0 0
1575453553.915984 0 3 0.2 0 0 0
1575453554.049316 0 3 0.2 0 0 0
1575453554.182635 0 3 7.9 0 0 4.75
1575453554.24928 0 3 11.4 0 0 1.25
1575453554.382719 0 3 12.2 0 0 0
1575453554.51595 0 3 16.9 0 0 2.75
1575453554.64929 0 3 17.8 0 0 1
1575453554.782957 0 3 17.4 0 0 0
1575453554.849277 0 3 19 0 0 1.25
1575453555.115967 0 3 18.8 0 0 0
1575453555.249267 0 3 25.9 0 0 4
1575453555.382628 0 3 27.7 0 0 2.25
1575453555.449278 0 3 34.9 0 0 5.75
1575453555.582783 0 3 38.4 0 0 3.5
1575453555.715969 0 3 45.2 0 0 5.75
1575453555.849281 0 3 51.3 0 0 3.75
1575453555.982724 0 3 52.5 0 0 0
1575453556.049271 0 3 59.1 0 0 4
1575453556.182785 0 3 60.6 0 0 0
1575453556.315947 0 3 58.1 0 1 0.25
1575453556.582674 0 3 57.3 0 0 0.25
1575453556.649279 0 3 53.6 0 1 2
1575453556.783172 0 3 52.8 0 1 0.75
1575453556.915997 0 3 53 0 0 0
1575453557.049284 0 3 55 0 0 1.25
1575453557.182746 0 3 55.5 0 0 0
1575453557.249285 0 3 56 0 0 0
1575453557.38261 0 3 55.9 0 0 0
1575453557.515989 0 3 56 0 0 0
1575453557.649279 0 3 54.2 0 1 1
1575453557.782612 0 3 54.3 0 0 0
1575453557.84928 0 3 59.5 0 0 3.25
1575453557.982751 0 3 60.5 0 0 1.5
1575453558.115946 0 3 60.4 0 0 0
1575453558.249308 0 3 61 0 0 0.75
1575453558.382725 0 3 60.9 0 0 0
1575453558.449306 0 3 64.7 0 0 2.25
1575453558.582698 0 3 65.4 0 1 0.25
1575453558.715946 0 3 68.5 0 0 0
1575453558.849406 0 3 68.7 0 1 0.75
1575453558.982617 0 3 61.3 0 1 4.75
1575453559.049377 0 3 58.4 0 1 2.75
1575453559.182753 0 3 58.1 0 1 1.25
1575453559.315986 0 3 58.7 0 0 0
1575453559.582736 0 3 58.8 0 0 0
1575453559.649289 0 3 66.3 0 0 4.5
1575453559.782614 0 3 70.3 0 0 2.25
1575453559.915994 0 3 70.5 0 0 0.25
1575453560.049287 0 3 70.5 0 0 0
1575453560.182608 0 3 72 0 0 1
1575453560.249338 0 3 71.8 0 0 0
1575453560.382752 0 3 74.9 0 0 0
1575453560.515935 0 3 75.2 0 0 0
1575453560.649288 0 3 75.1 0 0 0
1575453560.782897 0 3 68 0 1 4.5
1575453560.849277 0 3 64.5 0 1 1.5
1575453560.982619 0 3 64.7 0 1 0.25
1575453561.115962 0 3 64.4 0 1 0.25
1575453561.249269 0 3 64.4 0 0 0
1575453561.382614 0 3 71.5 0 0 4.5
1575453561.449269 0 3 74.8 0 0 1.5
1575453561.58283 0 3 75.3 0 0 0
1575453561.715999 0 3 79.4 0 0 0
1575453561.849328 0 3 80 0 0 0
1575453561.982813 0 3 79.6 0 1 0.75
1575453562.049277 0 3 79 0 1 0.25
1575453562.182678 0 3 79.4 0 0 0
1575453562.315935 0 3 76.1 0 1 2
1575453562.449327 0 3 75.3 0 1 1.25
1575453562.649278 0 3 71.5 0 1 2
1575453562.782718 0 3 71.1 0 1 1.5
1575453562.915945 0 3 69.6 0 1 2.75
1575453563.049364 0 3 68.8 0 1 3.25
1575453563.182778 0 3 68.5 0 1 3.75
1575453563.249425 0 3 68.3 0 1 3.75
1575453563.382642 0 3 73.2 0 0 1
1575453563.516005 0 3 75.9 0 0 2.25
1575453563.649341 0 3 77.9 0 0 3.25
1575453563.782621 0 3 85.8 0 0 7
1575453563.849459 0 3 89.1 0 0 5
1575453563.982785 0 3 92.5 0 0 7.75
1575453564.116005 0 3 92 0 1 1.5
1575453564.24933 0 3 88.4 0 1 4.75
1575453564.382847 0 3 83.2 0 1 7.5
1575453564.449458 0 3 80.7 0 1 8.25
1575453564.582608 0 3 86.2 0 0 2.5
1575453564.715955 0 3 93.3 0 0 5.25
1575453564.849397 1 3 97.9 0 0 9.5
1575453564.982693 1 3 95.7 0 0 0
1575453565.049295 1 3 89.1 0 1 4.75
1575453565.183253 1 3 81.3 0 1 7.25
1575453565.315952 1 3 81.5 0 1 5.75
1575453565.449285 1 3 79 0 1 5
1575453565.583232 1 3 78.9 0 1 2.5
1575453565.64928 1 3 73.1 0 1 3.75
1575453565.782711 1 3 72.5 0 1 1.25
1575453565.915955 1 3 73.1 0 0 0
1575453566.049284 1 3 74 0 0 0.75
1575453566.182612 1 3 73.7 0 0 0
1575453566.249372 1 3 73.7 0 0 0
1575453566.382877 1 3 76.3 0 0 1.25
1575453566.515949 1 3 77.1 0 0 0.75
1575453566.649364 1 3 76.4 0 1 0.25
1575453566.783115 1 3 76.4 0 0 0
1575453566.849279 1 3 71.5 0 1 2.75
1575453566.982722 1 3 70.3 0 1 1.5
1575453567.11599 1 3 70.4 0 1 1
1575453567.249283 1 3 68.1 0 1 1.5
1575453567.38272 1 3 68.2 0 0 0
1575453567.449269 1 3 68.1 0 0 0
1575453567.582951 1 3 68.1 0 0 0
1575453567.715984 1 3 68.1 0 0 0
1575453567.849283 1 3 68.1 0 0 0
1575453567.982932 1 3 65.1 0 1 2
1575453568.049278 1 3 65.3 0 0 0
1575453568.182772 1 3 65.3 0 0 0
1575453568.315956 1 3 63.3 0 1 1.25
1575453568.44927 1 3 63.4 0 0 0
1575453568.582695 1 3 63.4 0 0 0
1575453568.649281 1 3 63.4 0 0 0
1575453568.782746 1 3 63.3 0 0 0
1575453568.916021 1 3 65.5 0 0 1.25
1575453569.049339 1 3 66 0 0 0.75
1575453569.182739 1 3 65.8 0 0 0
1575453569.249358 1 3 65.8 0 0 0
1575453569.3826 1 3 65.9 0 0 0
1575453569.515996 1 3 65.8 0 0 0
1575453569.982766 1 3 63.1 0 0 0
1575453570.115954 1 3 60.6 0 1 1.5
1575453570.249329 1 3 60.3 0 1 0.25
1575453570.382724 1 3 60.2 0 0 0
1575453570.449317 1 3 57.1 0 1 2
1575453570.582599 1 3 57.4 0 0 0
1575453570.71594 1 3 57.4 0 0 0
1575453570.849321 1 3 57.2 0 0 0
1575453570.982611 1 3 60.2 0 0 1.5
1575453571.049419 1 3 60.9 0 0 0.25
1575453571.182805 1 3 67.6 0 0 4.5
1575453571.315947 1 3 68.9 0 0 0
1575453571.449378 1 3 69 0 1 0.25
1575453571.582857 1 3 70.3 0 1 0.75
1575453571.649433 1 3 70.2 0 1 1.5
1575453571.782689 1 3 72.5 0 0 0
1575453571.915949 1 3 73.7 0 0 0
1575453572.04937 1 3 74.1 0 0 0
1575453572.182636 1 3 75.1 0 0 0.25
1575453572.24938 1 3 74.9 0 0 0
1575453572.515949 1 3 74.9 0 0 0
1575453572.649344 1 3 74.9 0 0 0
1575453572.783111 1 3 74.9 0 0 0
1575453572.849336 1 3 74.9 0 0 0
1575453572.982677 1 3 74.5 0 0 0
1575453573.115963 1 3 74.5 0 0 0
1575453573.249288 1 3 74.5 0 0 0
1575453573.382721 1 3 74.5 0 0 0
1575453573.44928 1 3 74.5 0 0 0
1575453573.583105 1 3 74.5 0 0 0
1575453573.715973 1 3 74.5 0 0 0
1575453573.982778 1 3 74.5 0 0 0
1575453574.049382 1 3 74.5 0 0 0
1575453574.182694 1 3 74.5 0 0 0
1575453574.315965 1 3 74.5 0 0 0
1575453574.449281 1 3 74.5 0 0 0
1575453574.582656 1 3 74.5 0 0 0
1575453574.649304 1 3 74.5 0 0 0
1575453574.782783 1 3 74.5 0 0 0
1575453574.91602 1 3 74.5 0 0 0
1575453575.049327 1 3 74.5 0 0 0
1575453575.182729 1 3 74.5 0 0 0
1575453575.249294 1 3 74.5 0 0 0
1575453575.382621 1 3 74.5 0 0 0
1575453575.515953 1 3 74.5 0 0 0
1575453575.649274 1 3 74.5 0 0 0
1575453575.782617 1 3 74.5 0 0 0
1575453575.84927 1 3 74.5 0 0 0
1575453575.98317 1 3 74.5 0 0 0
1575453576.116042 1 3 74.5 0 0 0
1575453576.249299 1 3 74.5 0 0 0
1575453576.382732 1 3 74.5 0 0 0
1575453576.449359 1 3 74.5 0 0 0
1575453576.582614 1 3 74.5 0 0 0
1575453576.716013 1 3 74.5 0 0 0
1575453576.849279 1 3 74.5 0 0 0
1575453576.982615 1 3 74.5 0 0 0
1575453577.049299 1 3 74.5 0 0 0
1575453577.18273 1 3 74.5 0 0 0
1575453577.316004 1 3 74.5 0 0 0
1575453577.449287 1 3 74.5 0 0 0
1575453577.582711 1 3 74.5 0 0 0
1575453577.649301 1 3 74.5 0 0 0
1575453577.782614 1 3 74.5 0 0 0
1575453577.915963 1 3 74.5 0 0 0
1575453578.0493 1 3 74.5 0 0 0
1575453578.182682 1 3 74.5 0 0 0
1575453578.382724 1 3 74.5 0 0 0
1575453578.516012 1 3 74.5 0 0 0
1575453578.649362 1 3 74.5 0 0 0
1575453578.782728 1 3 74.5 0 0 0
1575453578.849366 1 3 74.5 0 0 0
1575453578.982614 1 3 74.5 0 0 0
1575453579.115975 1 3 74.5 0 0 0
1575453579.249353 1 3 74.4 0 0 0
1575453579.382612 1 3 74.5 0 0 0
1575453579.449367 1 3 74.5 0 0 0
1575453579.58272 1 3 74.5 0 0 0
1575453579.715952 1 3 74.5 0 0 0
1575453579.849282 1 3 74.5 0 0 0
1575453579.982777 1 3 74.5 0 0 0
1575453580.049348 1 3 74.5 0 0 0
1575453580.182615 1 3 74.5 0 0 0
1575453580.315953 1 3 74.5 0 0 0
1575453580.449376 1 3 74.5 0 0 0
1575453580.582668 1 3 74.5 0 0 0
1575453580.649327 1 3 74.5 0 0 0
1575453580.782957 1 3 74.5 0 0 0
1575453580.915951 1 3 74.5 0 0 0
1575453581.049347 1 3 74.5 0 0 0
1575453581.182869 1 3 74.5 0 0 0
1575453581.249319 1 3 74.5 0 0 0
1575453581.382701 1 3 74.5 0 0 0
1575453581.515944 1 3 74.5 0 0 0
1575453581.649353 1 3 74.5 0 0 0
1575453581.782611 1 3 74.5 0 0 0
1575453581.84931 1 3 74.5 0 0 0
1575453581.982744 1 3 74.5 0 0 0
1575453582.115957 1 3 74.5 0 0 0
1575453582.24934 1 3 74.5 0 0 0
1575453582.38295 1 3 74.5 0 0 0
1575453582.449372 1 3 74.5 0 0 0
1575453582.582674 1 3 74.5 0 0 0
1575453582.849287 1 3 74.5 0 0 0
1575453582.982723 1 3 74.5 0 0 0
1575453583.049281 1 3 74.5 0 0 0
1575453583.182878 1 3 74.5 0 0 0
1575453583.315989 1 3 74.5 0 0 0
1575453583.583134 1 3 74.5 0 0 0
1575453583.649279 1 3 74.5 0 0 0
1575453583.78271 1 3 74.5 0 0 0
1575453583.91594 1 3 74.5 0 0 0
1575453584.049286 1 3 74.5 0 0 0
1575453584.182722 1 3 74.5 0 0 0
1575453584.249282 1 3 74.5 0 0 0
1575453584.38287 1 3 74.5 0 0 0
1575453584.515999 1 3 74.5 0 0 0
1575453584.649326 1 3 74.5 0 0 0
1575453584.782717 1 3 74.2 0 0 0
1575453584.849338 1 3 74.2 0 0 0
1575453584.982615 1 3 74.2 0 0 0
1575453585.116008 1 3 74.2 0 0 0
1575453585.249283 1 3 74.2 0 0 0
1575453585.382614 1 3 74.1 0 0 0
1575453585.449347 1 3 74.1 0 0 0
1575453585.582748 1 3 74.1 0 0 0
1575453585.715966 1 3 74 0 0 0
1575453585.849295 1 3 74 0 0 0
1575453585.982703 1 3 74 0 0 0
1575453586.049294 1 3 74 0 0 0
1575453586.1826 1 3 73.9 0 1 0.25
1575453586.315978 1 3 73.8 0 0 0
1575453586.449322 1 3 73.8 0 0 0
1575453586.582614 1 3 73.8 0 0 0
1575453586.649298 1 3 73.8 0 0 0
1575453586.782784 1 3 73.8 0 0 0
1575453586.916014 1 3 73.8 0 0 0
1575453587.049294 1 3 73.8 0 0 0
1575453587.182775 1 3 73.8 0 0 0
1575453587.249285 1 3 73.8 0 0 0
1575453587.382606 1 3 73.8 0 0 0
1575453587.515961 1 3 73.8 0 0 0
1575453587.649282 1 3 73.8 0 0 0
1575453587.782635 1 3 73.8 0 0 0
1575453587.849374 1 3 73.8 0 0 0
1575453587.982832 1 3 73.8 0 0 0
1575453588.115944 1 3 73.8 0 0 0
1575453588.249287 1 3 73.8 0 0 0
1575453588.382993 1 3 73.8 0 0 0
1575453588.449279 1 3 73.8 0 0 0
1575453588.582672 1 3 73.8 0 0 0
1575453588.715966 1 3 73.8 0 0 0
1575453588.84928 1 3 73.8 0 0 0
1575453588.982661 1 3 73.8 0 0 0
1575453589.049279 1 3 73.8 0 0 0
1575453589.182955 1 3 73.9 0 0 0
1575453589.316012 1 3 73.8 0 0 0
1575453589.449282 1 3 73.9 0 0 0
1575453589.649279 1 3 73.8 0 0 0
1575453589.782701 1 3 73.9 0 0 0
1575453589.915948 1 3 73.9 0 0 0
1575453590.049295 1 3 73.9 0 0 0
1575453590.182714 1 3 73.8 0 0 0
1575453590.249283 1 3 73.9 0 0 0
1575453590.516014 1 3 73.9 0 0 0
1575453590.649282 1 3 73.9 0 0 0
1575453590.782839 1 3 73.9 0 0 0
1575453590.84928 1 3 73.9 0 0 0
1575453590.982613 1 3 73.9 0 0 0
1575453591.116004 1 3 73.9 0 0 0
1575453591.24928 1 3 73.9 0 0 0
1575453591.382678 1 3 73.9 0 0 0
1575453591.449278 1 3 73.9 0 0 0
1575453591.582846 1 3 73.9 0 0 0
1575453591.715948 1 3 73.9 0 0 0
1575453591.849334 1 3 73.9 0 0 0
1575453591.982838 1 3 73.9 0 0 0
1575453592.049333 1 3 73.9 0 0 0
1575453592.182708 1 3 73.9 0 0 0
1575453592.315949 1 3 73.9 0 0 0
1575453592.44936 1 3 73.9 0 0 0
1575453592.582709 1 3 73.9 0 0 0
1575453592.649283 1 3 73.9 0 0 0
1575453592.782876 1 3 73.9 0 0 0
